"rid", "binaryID"
30004,1
29995,10
29996,11
29971,100
29984,101
29928,1000
29929,1001
29899,10010
29916,10011
29856,100100
29857,100101
29917,100110
29940,100111
29792,1001010
29793,1001011
29946,1001110
29958,1001111
29782,10010110
29783,10010111
29972,10011110
29985,10011111
29973,100111100
29975,100111101
29976,1001111010
30012,1001111011
29939,10011110100
29947,10011110101
30015,10011110110
30018,10011110111
29918,100111101000
29919,100111101001
29925,100111101010
29941,100111101011
30003,100111101100
30010,100111101101
30022,100111101110
30037,100111101111
29858,1001111010010
29859,1001111010011
29838,1001111010100
29871,1001111010101
29942,1001111010110
29959,1001111010111
30001,1001111011000
30011,1001111011001
30025,1001111011100
30033,1001111011101
30038,1001111011110
30042,1001111011111
29822,10011110100100
29835,10011110100101
29823,10011110101000
29824,10011110101001
29960,10011110101110
29980,10011110101111
30046,10011110111110
30058,10011110111111
29735,100111101001000
29736,100111101001001
29810,100111101010010
29811,100111101010011
29961,100111101011100
29965,100111101011101
29991,100111101011110
29998,100111101011111
30063,100111101111110
30064,100111101111111
29728,1001111010010000
29741,1001111010010001
29699,1001111010010010
29711,1001111010010011
29801,1001111010100100
29802,1001111010100101
29807,1001111010100110
29853,1001111010100111
29966,1001111010111010
29967,1001111010111011
30062,1001111011111100
30066,1001111011111101
30067,1001111011111110
30072,1001111011111111
29673,10011110100100000
29674,10011110100100001
29758,10011110100100010
29770,10011110100100011
29776,10011110101001010
29787,10011110101001011
30075,10011110111111100
30077,10011110111111101
29666,100111101001000000
29680,100111101001000001
28733,100111101001000010
28750,100111101001000011
29764,100111101010010100
29765,100111101010010101
29798,100111101010010110
29819,100111101010010111
30076,100111101111111000
30088,100111101111111001
29678,1001111010010000010
29679,1001111010010000011
28728,1001111010010000100
29663,1001111010010000101
29725,1001111010100101000
29737,1001111010100101001
29742,1001111010100101010
29826,1001111010100101011
30065,1001111011111110010
30070,1001111011111110011
29677,10011110100100000100
29686,10011110100100000101
28732,10011110100100001000
29638,10011110100100001001
29659,10011110100100001010
29660,10011110100100001011
29712,10011110101001010000
29716,10011110101001010001
29718,10011110101001010100
29719,10011110101001010101
29842,10011110101001010110
29854,10011110101001010111
30059,10011110111111100100
30060,10011110111111100101
29676,100111101001000001000
29681,100111101001000001001
29602,100111101001000010010
29604,100111101001000010011
29565,100111101001000010100
29572,100111101001000010101
29536,100111101001000010110
29538,100111101001000010111
29690,100111101010010100000
29717,100111101010010100001
29693,100111101010010101010
29704,100111101010010101011
30050,100111101111111001010
30051,100111101111111001011
24034,1001111010010000100100
24035,1001111010010000100101
29600,1001111010010000100110
29605,1001111010010000100111
29552,1001111010010000101000
29557,1001111010010000101001
29385,1001111010010000101100
29386,1001111010010000101101
28751,1001111010100101000000
28752,1001111010100101000001
28736,1001111010100101000010
29647,1001111010100101000011
29705,1001111010100101010110
29738,1001111010100101010111
30052,1001111011111110010110
30056,1001111011111110010111
29546,10011110100100001001110
29547,10011110100100001001111
24033,10011110100100001011000
29477,10011110100100001011001
28730,10011110101001010000010
28731,10011110101001010000011
28737,10011110101001010000100
28743,10011110101001010000101
29574,10011110101001010000110
29581,10011110101001010000111
29739,10011110101001010101110
29772,10011110101001010101111
29517,100111101001000010011100
29518,100111101001000010011101
24013,100111101001000010110000
24014,100111101001000010110001
29652,100111101010010100000110
29653,100111101010010100000111
29645,100111101010010100001000
29661,100111101010010100001001
29559,100111101010010100001100
29560,100111101010010100001101
29740,100111101010010101011100
29754,100111101010010101011101
29784,100111101010010101011110
29795,100111101010010101011111
24025,1001111010010000100111010
24027,1001111010010000100111011
28715,1001111010010000101100000
28719,1001111010010000101100001
24017,1001111010010000101100010
28727,1001111010010000101100011
29515,1001111010100101000010000
29516,1001111010100101000010001
29607,1001111010100101000010010
29650,1001111010100101000010011
29553,1001111010100101000011000
29554,1001111010100101000011001
29539,1001111010100101000011010
29540,1001111010100101000011011
29759,1001111010100101010111010
29813,1001111010100101010111011
29799,1001111010100101010111110
29831,1001111010100101010111111
28725,10011110100100001001110100
28726,10011110100100001001110101
29424,10011110100100001011000000
29426,10011110100100001011000001
29595,10011110101001010000100100
29611,10011110101001010000100101
29393,10011110101001010000110100
29394,10011110101001010000110101
29532,10011110101001010000110110
29533,10011110101001010000110111
29760,10011110101001010101110100
29789,10011110101001010101110101
29852,10011110101001010101111110
29866,10011110101001010101111111
23076,100111101001000010011101010
23077,100111101001000010011101011
29413,100111101001000010110000000
29417,100111101001000010110000001
29377,100111101001000010110000010
29400,100111101001000010110000011
29562,100111101010010100001001000
29563,100111101010010100001001001
29613,100111101010010100001001010
29622,100111101010010100001001011
29747,100111101010010101011101000
29761,100111101010010101011101001
29790,100111101010010101011101010
29829,100111101010010101011101011
23074,1001111010010000100111010110
29462,1001111010010000100111010111
29312,1001111010010000101100000000
29313,1001111010010000101100000001
29364,1001111010010000101100000010
29395,1001111010010000101100000011
29349,1001111010010000101100000100
29350,1001111010010000101100000101
29541,1001111010100101000010010000
29542,1001111010100101000010010001
29640,1001111010100101000010010110
29646,1001111010100101000010010111
29695,1001111010100101010111010000
29696,1001111010100101010111010001
29832,1001111010100101010111010110
29872,1001111010100101010111010111
29415,10011110100100001001110101110
29416,10011110100100001001110101111
29321,10011110100100001011000000100
29322,10011110100100001011000000101
29303,10011110100100001011000001000
29304,10011110100100001011000001001
29526,10011110101001010000100100000
29527,10011110101001010000100100001
29694,10011110101001010101110100010
29713,10011110101001010101110100011
29879,10011110101001010101110101110
29926,10011110101001010101110101111
29351,100111101001000010011101011110
29352,100111101001000010011101011111
26678,100111101001000010110000001010
29323,100111101001000010110000001011
28685,100111101001000010110000010000
29294,100111101001000010110000010001
29380,100111101010010100001001000010
29381,100111101010010100001001000011
29706,100111101010010101011101000110
29729,100111101010010101011101000111
29345,1001111010010000100111010111100
29346,1001111010010000100111010111101
29335,1001111010010000101100000010100
29403,1001111010010000101100000010101
29508,1001111010100101000010010000110
29509,1001111010100101000010010000111
26672,10011110100100001011000000101000
29356,10011110100100001011000000101001
24028,10011110101001010000100100001110
24031,10011110101001010000100100001111
29331,100111101001000010110000001010000
29333,100111101001000010110000001010001
28716,100111101010010100001001000011100
28717,100111101010010100001001000011101
29382,100111101010010100001001000011110
30191,100111101010010100001001000011111
23071,1001111010100101000010010000111000
23072,1001111010100101000010010000111001
23057,1001111010100101000010010000111010
23058,1001111010100101000010010000111011
24032,1001111010100101000010010000111110
29535,1001111010100101000010010000111111
23069,10011110101001010000100100001110000
29463,10011110101001010000100100001110001
29410,10011110101001010000100100001110010
29411,10011110101001010000100100001110011
29430,10011110101001010000100100001110100
29431,10011110101001010000100100001110101
24029,10011110101001010000100100001111100
29484,10011110101001010000100100001111101
23067,100111101010010100001001000011100000
29469,100111101010010100001001000011100001
29414,100111101010010100001001000011101010
29420,100111101010010100001001000011101011
28724,100111101010010100001001000011111000
29465,100111101010010100001001000011111001
29502,100111101010010100001001000011111010
29521,100111101010010100001001000011111011
23064,1001111010100101000010010000111000000
23066,1001111010100101000010010000111000001
24011,1001111010100101000010010000111000010
28720,1001111010100101000010010000111000011
29368,1001111010100101000010010000111010100
29369,1001111010100101000010010000111010101
23061,1001111010100101000010010000111110010
23062,1001111010100101000010010000111110011
29522,1001111010100101000010010000111110110
29582,1001111010100101000010010000111110111
29408,10011110101001010000100100001110000000
29409,10011110101001010000100100001110000001
29440,10011110101001010000100100001110000010
29458,10011110101001010000100100001110000011
29362,10011110101001010000100100001110101000
29363,10011110101001010000100100001110101001
29357,10011110101001010000100100001110101010
29367,10011110101001010000100100001110101011
29434,10011110101001010000100100001111100110
29435,10011110101001010000100100001111100111
29392,10011110101001010000100100001111101100
29548,10011110101001010000100100001111101101
29591,10011110101001010000100100001111101110
29612,10011110101001010000100100001111101111
23078,100111101010010100001001000011100000110
29457,100111101010010100001001000011100000111
29347,100111101010010100001001000011101010100
29348,100111101010010100001001000011101010101
29421,100111101010010100001001000011111001110
29427,100111101010010100001001000011111001111
29549,100111101010010100001001000011111011010
29575,100111101010010100001001000011111011011
29590,100111101010010100001001000011111011100
29615,100111101010010100001001000011111011101
26673,1001111010100101000010010000111010101000
26674,1001111010100101000010010000111010101001
26675,1001111010100101000010010000111010101010
29358,1001111010100101000010010000111010101011
29401,1001111010100101000010010000111110011100
29432,1001111010100101000010010000111110011101
29529,1001111010100101000010010000111110110100
29530,1001111010100101000010010000111110110101
29579,1001111010100101000010010000111110110110
29585,1001111010100101000010010000111110110111
29614,1001111010100101000010010000111110111010
29619,1001111010100101000010010000111110111011
28709,10011110101001010000100100001110101010010
28710,10011110101001010000100100001110101010011
26658,10011110101001010000100100001110101010100
29334,10011110101001010000100100001110101010101
29396,10011110101001010000100100001111100111000
29397,10011110101001010000100100001111100111001
29436,10011110101001010000100100001111100111010
29466,10011110101001010000100100001111100111011
29388,10011110101001010000100100001111101101010
29389,10011110101001010000100100001111101101011
29580,10011110101001010000100100001111101101100
29598,10011110101001010000100100001111101101101
29584,10011110101001010000100100001111101101110
29625,10011110101001010000100100001111101101111
29633,10011110101001010000100100001111101110110
29636,10011110101001010000100100001111101110111
28703,100111101010010100001001000011101010100100
29297,100111101010010100001001000011101010100101
29262,100111101010010100001001000011101010100110
29263,100111101010010100001001000011101010100111
26659,100111101010010100001001000011101010101000
29329,100111101010010100001001000011101010101001
29342,100111101010010100001001000011111001110010
29343,100111101010010100001001000011111001110011
29441,100111101010010100001001000011111001110100
29467,100111101010010100001001000011111001110101
28738,100111101010010100001001000011111011011110
29643,100111101010010100001001000011111011011111
29256,1001111010100101000010010000111010101001000
29261,1001111010100101000010010000111010101001001
26669,1001111010100101000010010000111010101001010
29296,1001111010100101000010010000111010101001011
29231,1001111010100101000010010000111010101001100
29232,1001111010100101000010010000111010101001101
26660,1001111010100101000010010000111010101010000
26662,1001111010100101000010010000111010101010001
29298,1001111010100101000010010000111010101010010
29311,1001111010100101000010010000111010101010011
26666,1001111010100101000010010000111110011100110
26667,1001111010100101000010010000111110011100111
23081,1001111010100101000010010000111110011101000
29437,1001111010100101000010010000111110011101001
28739,1001111010100101000010010000111110110111100
28740,1001111010100101000010010000111110110111101
28746,1001111010100101000010010000111110110111110
29642,1001111010100101000010010000111110110111111
25922,10011110101001010000100100001110101010010000
25923,10011110101001010000100100001110101010010001
29260,10011110101001010000100100001110101010010010
29271,10011110101001010000100100001110101010010011
26665,10011110101001010000100100001110101010010100
26668,10011110101001010000100100001110101010010101
29209,10011110101001010000100100001110101010011010
29210,10011110101001010000100100001110101010011011
28711,10011110101001010000100100001110101010100100
28712,10011110101001010000100100001110101010100101
26663,10011110101001010000100100001111100111001110
29341,10011110101001010000100100001111100111001111
23079,10011110101001010000100100001111100111010000
29472,10011110101001010000100100001111100111010001
29670,10011110101001010000100100001111101101111010
29675,10011110101001010000100100001111101101111011
29191,100111101010010100001001000011101010100100000
29202,100111101010010100001001000011101010100100001
29195,100111101010010100001001000011101010100100010
29196,100111101010010100001001000011101010100100011
29270,100111101010010100001001000011101010100100110
29290,100111101010010100001001000011101010100100111
18866,100111101010010100001001000011101010100110110
29181,100111101010010100001001000011101010100110111
28706,100111101010010100001001000011101010101001010
29295,100111101010010100001001000011101010101001011
26657,100111101010010100001001000011111001110011100
29332,100111101010010100001001000011111001110011101
29438,100111101010010100001001000011111001110100000
29439,100111101010010100001001000011111001110100001
29671,100111101010010100001001000011111011011110100
29700,100111101010010100001001000011111011011110101
29186,1001111010100101000010010000111010101001000000
29187,1001111010100101000010010000111010101001000001
29149,1001111010100101000010010000111010101001000110
29151,1001111010100101000010010000111010101001000111
29289,1001111010100101000010010000111010101001001110
29324,1001111010100101000010010000111010101001001111
18835,1001111010100101000010010000111010101001101110
18836,1001111010100101000010010000111010101001101111
28686,1001111010100101000010010000111010101010010100
29291,1001111010100101000010010000111010101010010101
26670,1001111010100101000010010000111110011100111000
29330,1001111010100101000010010000111110011100111001
29428,1001111010100101000010010000111110011101000010
29448,1001111010100101000010010000111110011101000011
29701,1001111010100101000010010000111110110111101010
29730,1001111010100101000010010000111110110111101011
18858,10011110101001010000100100001110101010010000000
18863,10011110101001010000100100001110101010010000001
29143,10011110101001010000100100001110101010010001100
29144,10011110101001010000100100001110101010010001101
18830,10011110101001010000100100001110101010011011100
18832,10011110101001010000100100001110101010011011101
29156,10011110101001010000100100001110101010011011110
29157,10011110101001010000100100001110101010011011111
29283,10011110101001010000100100001110101010100101010
29284,10011110101001010000100100001110101010100101011
29766,10011110101001010000100100001111101101111010110
29769,10011110101001010000100100001111101101111010111
18852,100111101010010100001001000011101010100100000000
18853,100111101010010100001001000011101010100100000001
29131,100111101010010100001001000011101010100100011000
29132,100111101010010100001001000011101010100100011001
29162,100111101010010100001001000011101010100110111000
29163,100111101010010100001001000011101010100110111001
29120,100111101010010100001001000011101010100110111110
29121,100111101010010100001001000011101010100110111111
29250,100111101010010100001001000011101010101001010110
29254,100111101010010100001001000011101010101001010111
29767,100111101010010100001001000011111011011110101100
29814,100111101010010100001001000011111011011110101101
29779,100111101010010100001001000011111011011110101110
29788,100111101010010100001001000011111011011110101111
18837,1001111010100101000010010000111010101001000000000
18839,1001111010100101000010010000111010101001000000001
29112,1001111010100101000010010000111010101001000110000
29113,1001111010100101000010010000111010101001000110001
29074,1001111010100101000010010000111010101001101111100
29075,1001111010100101000010010000111010101001101111101
28684,1001111010100101000010010000111010101001101111110
29069,1001111010100101000010010000111010101001101111111
29245,1001111010100101000010010000111010101010010101100
29246,1001111010100101000010010000111010101010010101101
29751,1001111010100101000010010000111110110111101011000
29753,1001111010100101000010010000111110110111101011001
29820,1001111010100101000010010000111110110111101011010
29847,1001111010100101000010010000111110110111101011011
29791,1001111010100101000010010000111110110111101011110
29800,1001111010100101000010010000111110110111101011111
29171,10011110101001010000100100001110101010010000000000
29174,10011110101001010000100100001110101010010000000001
29107,10011110101001010000100100001110101010010001100000
29111,10011110101001010000100100001110101010010001100001
29050,10011110101001010000100100001110101010011011111010
29051,10011110101001010000100100001110101010011011111011
29045,10011110101001010000100100001110101010011011111100
29046,10011110101001010000100100001110101010011011111101
18847,10011110101001010000100100001110101010100101011000
18848,10011110101001010000100100001110101010100101011001
29691,10011110101001010000100100001111101101111010110000
29692,10011110101001010000100100001111101101111010110001
29745,10011110101001010000100100001111101101111010110010
29768,10011110101001010000100100001111101101111010110011
29821,10011110101001010000100100001111101101111010110100
29839,10011110101001010000100100001111101101111010110101
29855,10011110101001010000100100001111101101111010110110
29885,10011110101001010000100100001111101101111010110111
29806,10011110101001010000100100001111101101111010111110
29827,10011110101001010000100100001111101101111010111111
18833,100111101010010100001001000011101010100100000000010
29173,100111101010010100001001000011101010100100000000011
29028,100111101010010100001001000011101010100110111111010
29029,100111101010010100001001000011101010100110111111011
18843,100111101010010100001001000011101010101001010110010
29197,100111101010010100001001000011101010101001010110011
29688,100111101010010100001001000011111011011110101100010
29689,100111101010010100001001000011111011011110101100011
29840,100111101010010100001001000011111011011110101101010
29861,100111101010010100001001000011111011011110101101011
29844,100111101010010100001001000011111011011110101111110
29864,100111101010010100001001000011111011011110101111111
18825,1001111010100101000010010000111010101001000000000110
29161,1001111010100101000010010000111010101001000000000111
29165,1001111010100101000010010000111010101010010101100100
29166,1001111010100101000010010000111010101010010101100101
25909,1001111010100101000010010000111010101010010101100110
29198,1001111010100101000010010000111010101010010101100111
29668,1001111010100101000010010000111110110111101011000110
29682,1001111010100101000010010000111110110111101011000111
29862,1001111010100101000010010000111110110111101011010110
29888,1001111010100101000010010000111110110111101011010111
29843,1001111010100101000010010000111110110111101011111100
29874,1001111010100101000010010000111110110111101011111101
29865,1001111010100101000010010000111110110111101011111110
29891,1001111010100101000010010000111110110111101011111111
25934,10011110101001010000100100001110101010100101011001100
29272,10011110101001010000100100001110101010100101011001101
29192,10011110101001010000100100001110101010100101011001110
29199,10011110101001010000100100001110101010100101011001111
29664,10011110101001010000100100001111101101111010110001100
29665,10011110101001010000100100001111101101111010110001101
29894,10011110101001010000100100001111101101111010110101110
29905,10011110101001010000100100001111101101111010110101111
29873,10011110101001010000100100001111101101111010111111010
29890,10011110101001010000100100001111101101111010111111011
18849,100111101010010100001001000011101010101001010110011110
18850,100111101010010100001001000011101010101001010110011111
28747,100111101010010100001001000011111011011110101100011010
28753,100111101010010100001001000011111011011110101100011011
29896,100111101010010100001001000011111011011110101101011100
29901,100111101010010100001001000011111011011110101101011101
29889,100111101010010100001001000011111011011110101111110110
29904,100111101010010100001001000011111011011110101111110111
18851,1001111010100101000010010000111010101010010101100111110
29188,1001111010100101000010010000111010101010010101100111111
29897,1001111010100101000010010000111110110111101011010111000
29900,1001111010100101000010010000111110110111101011010111001
29920,1001111010100101000010010000111110110111101011010111010
29922,1001111010100101000010010000111110110111101011010111011
29909,1001111010100101000010010000111110110111101011111101110
29930,1001111010100101000010010000111110110111101011111101111
29200,10011110101001010000100100001110101010100101011001111110
29217,10011110101001010000100100001110101010100101011001111111
29884,10011110101001010000100100001111101101111010110101110000
29895,10011110101001010000100100001111101101111010110101110001
29931,10011110101001010000100100001111101101111010110101110110
29936,10011110101001010000100100001111101101111010110101110111
29201,100111101010010100001001000011101010101001010110011111100
29219,100111101010010100001001000011101010101001010110011111101
25910,100111101010010100001001000011101010101001010110011111110
29233,100111101010010100001001000011101010101001010110011111111
29875,100111101010010100001001000011111011011110101101011100000
29876,100111101010010100001001000011111011011110101101011100001
29943,100111101010010100001001000011111011011110101101011101110
29951,100111101010010100001001000011111011011110101101011101111
29182,1001111010100101000010010000111010101010010101100111111000
29183,1001111010100101000010010000111010101010010101100111111001
29870,1001111010100101000010010000111110110111101011010111000010
29886,1001111010100101000010010000111110110111101011010111000011
29177,10011110101001010000100100001110101010100101011001111110000
29178,10011110101001010000100100001110101010100101011001111110001
29184,10011110101001010000100100001110101010100101011001111110010
29211,10011110101001010000100100001110101010100101011001111110011
29860,10011110101001010000100100001111101101111010110101110000100
29867,10011110101001010000100100001111101101111010110101110000101
29136,100111101010010100001001000011101010101001010110011111100010
29137,100111101010010100001001000011101010101001010110011111100011
25935,100111101010010100001001000011101010101001010110011111100110
29215,100111101010010100001001000011101010101001010110011111100111
29845,100111101010010100001001000011111011011110101101011100001000
29846,100111101010010100001001000011111011011110101101011100001001
29085,1001111010100101000010010000111010101010010101100111111000100
29086,1001111010100101000010010000111010101010010101100111111000101
29119,1001111010100101000010010000111010101010010101100111111000110
29142,1001111010100101000010010000111010101010010101100111111000111
29240,1001111010100101000010010000111010101010010101100111111001100
29275,1001111010100101000010010000111010101010010101100111111001101
25936,1001111010100101000010010000111010101010010101100111111001110
29212,1001111010100101000010010000111010101010010101100111111001111
29825,1001111010100101000010010000111110110111101011010111000010010
29836,1001111010100101000010010000111110110111101011010111000010011
28678,10011110101001010000100100001110101010100101011001111110001010
28679,10011110101001010000100100001110101010100101011001111110001011
29114,10011110101001010000100100001110101010100101011001111110001100
29115,10011110101001010000100100001110101010100101011001111110001101
29247,10011110101001010000100100001110101010100101011001111110011000
29287,10011110101001010000100100001110101010100101011001111110011001
29185,10011110101001010000100100001110101010100101011001111110011110
29189,10011110101001010000100100001110101010100101011001111110011111
29808,10011110101001010000100100001111101101111010110101110000100100
29809,10011110101001010000100100001111101101111010110101110000100101
29837,10011110101001010000100100001111101101111010110101110000100110
29850,10011110101001010000100100001111101101111010110101110000100111
28674,100111101010010100001001000011101010101001010110011111100010100
29061,100111101010010100001001000011101010101001010110011111100010101
29043,100111101010010100001001000011101010101001010110011111100010110
29044,100111101010010100001001000011101010101001010110011111100010111
29105,100111101010010100001001000011101010101001010110011111100011000
29106,100111101010010100001001000011101010101001010110011111100011001
28697,100111101010010100001001000011101010101001010110011111100110000
29278,100111101010010100001001000011101010101001010110011111100110001
29190,100111101010010100001001000011101010101001010110011111100111110
29221,100111101010010100001001000011101010101001010110011111100111111
29026,1001111010100101000010010000111010101010010101100111111000101000
29027,1001111010100101000010010000111010101010010101100111111000101001
28990,1001111010100101000010010000111010101010010101100111111000101100
28995,1001111010100101000010010000111010101010010101100111111000101101
18826,1001111010100101000010010000111010101010010101100111111001111100
18827,1001111010100101000010010000111010101010010101100111111001111101
25930,1001111010100101000010010000111010101010010101100111111001111110
25937,1001111010100101000010010000111010101010010101100111111001111111
29001,10011110101001010000100100001110101010100101011001111110001010000
29002,10011110101001010000100100001110101010100101011001111110001010001
29024,10011110101001010000100100001110101010100101011001111110001010010
29042,10011110101001010000100100001110101010100101011001111110001010011
28975,10011110101001010000100100001110101010100101011001111110001011000
28976,10011110101001010000100100001110101010100101011001111110001011001
29153,10011110101001010000100100001110101010100101011001111110011111000
29154,10011110101001010000100100001110101010100101011001111110011111001
29167,10011110101001010000100100001110101010100101011001111110011111010
29175,10011110101001010000100100001110101010100101011001111110011111011
25931,10011110101001010000100100001110101010100101011001111110011111100
29234,10011110101001010000100100001110101010100101011001111110011111101
28988,100111101010010100001001000011101010101001010110011111100010100010
28989,100111101010010100001001000011101010101001010110011111100010100011
28978,100111101010010100001001000011101010101001010110011111100010100100
28979,100111101010010100001001000011101010101001010110011111100010100101
28940,100111101010010100001001000011101010101001010110011111100010110010
28941,100111101010010100001001000011101010101001010110011111100010110011
25915,100111101010010100001001000011101010101001010110011111100111110100
29164,100111101010010100001001000011101010101001010110011111100111110101
29238,100111101010010100001001000011101010101001010110011111100111111010
29288,100111101010010100001001000011101010101001010110011111100111111011
28956,1001111010100101000010010000111010101010010101100111111000101001010
28957,1001111010100101000010010000111010101010010101100111111000101001011
28937,1001111010100101000010010000111010101010010101100111111000101100100
28938,1001111010100101000010010000111010101010010101100111111000101100101
29122,1001111010100101000010010000111010101010010101100111111001111101010
29123,1001111010100101000010010000111010101010010101100111111001111101011
29249,1001111010100101000010010000111010101010010101100111111001111110100
29269,1001111010100101000010010000111010101010010101100111111001111110101
29103,10011110101001010000100100001110101010100101011001111110011111010100
29108,10011110101001010000100100001110101010100101011001111110011111010101
29087,10011110101001010000100100001110101010100101011001111110011111010110
29124,10011110101001010000100100001110101010100101011001111110011111010111
29264,10011110101001010000100100001110101010100101011001111110011111101000
29301,10011110101001010000100100001110101010100101011001111110011111101001
29080,100111101010010100001001000011101010101001010110011111100111110101100
29081,100111101010010100001001000011101010101001010110011111100111110101101
29133,100111101010010100001001000011101010101001010110011111100111110101110
29147,100111101010010100001001000011101010101001010110011111100111110101111
28702,100111101010010100001001000011101010101001010110011111100111111010000
29265,100111101010010100001001000011101010101001010110011111100111111010001
29040,1001111010100101000010010000111010101010010101100111111001111101011000
29041,1001111010100101000010010000111010101010010101100111111001111101011001
29064,1001111010100101000010010000111010101010010101100111111001111101011010
29065,1001111010100101000010010000111010101010010101100111111001111101011011
29138,1001111010100101000010010000111010101010010101100111111001111101011100
29172,1001111010100101000010010000111010101010010101100111111001111101011101
28704,1001111010100101000010010000111010101010010101100111111001111110100000
29305,1001111010100101000010010000111010101010010101100111111001111110100001
29034,10011110101001010000100100001110101010100101011001111110011111010110000
29035,10011110101001010000100100001110101010100101011001111110011111010110001
29052,10011110101001010000100100001110101010100101011001111110011111010110110
29053,10011110101001010000100100001110101010100101011001111110011111010110111
29139,10011110101001010000100100001110101010100101011001111110011111010111000
29155,10011110101001010000100100001110101010100101011001111110011111010111001
29307,10011110101001010000100100001110101010100101011001111110011111101000010
29328,10011110101001010000100100001110101010100101011001111110011111101000011
29030,100111101010010100001001000011101010101001010110011111100111110101100000
29032,100111101010010100001001000011101010101001010110011111100111110101100001
29048,100111101010010100001001000011101010101001010110011111100111110101101110
29054,100111101010010100001001000011101010101001010110011111100111110101101111
29129,100111101010010100001001000011101010101001010110011111100111110101110000
29134,100111101010010100001001000011101010101001010110011111100111110101110001
18838,100111101010010100001001000011101010101001010110011111100111110101110010
18840,100111101010010100001001000011101010101001010110011111100111110101110011
26676,100111101010010100001001000011101010101001010110011111100111111010000110
26677,100111101010010100001001000011101010101001010110011111100111111010000111
28922,1001111010100101000010010000111010101010010101100111111001111101011000000
28923,1001111010100101000010010000111010101010010101100111111001111101011000001
29021,1001111010100101000010010000111010101010010101100111111001111101011011100
29025,1001111010100101000010010000111010101010010101100111111001111101011011101
29135,1001111010100101000010010000111010101010010101100111111001111101011100010
29176,1001111010100101000010010000111010101010010101100111111001111101011100011
29336,1001111010100101000010010000111010101010010101100111111001111110100001110
29344,1001111010100101000010010000111010101010010101100111111001111110100001111
29012,10011110101001010000100100001110101010100101011001111110011111010110111000
30189,10011110101001010000100100001110101010100101011001111110011111010110111001
29128,10011110101001010000100100001110101010100101011001111110011111010111000100
29148,10011110101001010000100100001110101010100101011001111110011111010111000101
29337,10011110101001010000100100001110101010100101011001111110011111101000011100
29365,10011110101001010000100100001110101010100101011001111110011111101000011101
29353,10011110101001010000100100001110101010100101011001111110011111101000011110
29419,10011110101001010000100100001110101010100101011001111110011111101000011111
29008,100111101010010100001001000011101010101001010110011111100111110101101110010
29009,100111101010010100001001000011101010101001010110011111100111110101101110011
29100,100111101010010100001001000011101010101001010110011111100111110101110001000
29101,100111101010010100001001000011101010101001010110011111100111110101110001001
29158,100111101010010100001001000011101010101001010110011111100111110101110001010
29159,100111101010010100001001000011101010101001010110011111100111110101110001011
26664,100111101010010100001001000011101010101001010110011111100111111010000111000
29360,100111101010010100001001000011101010101001010110011111100111111010000111001
29418,100111101010010100001001000011101010101001010110011111100111111010000111110
29455,100111101010010100001001000011101010101001010110011111100111111010000111111
29003,1001111010100101000010010000111010101010010101100111111001111101011011100100
29004,1001111010100101000010010000111010101010010101100111111001111101011011100101
29092,1001111010100101000010010000111010101010010101100111111001111101011100010010
29093,1001111010100101000010010000111010101010010101100111111001111101011100010011
29160,1001111010100101000010010000111010101010010101100111111001111101011100010110
29168,1001111010100101000010010000111010101010010101100111111001111101011100010111
29325,1001111010100101000010010000111010101010010101100111111001111110100001110000
29326,1001111010100101000010010000111010101010010101100111111001111110100001110001
29361,1001111010100101000010010000111010101010010101100111111001111110100001110010
29442,1001111010100101000010010000111010101010010101100111111001111110100001110011
23068,1001111010100101000010010000111010101010010101100111111001111110100001111110
23083,1001111010100101000010010000111010101010010101100111111001111110100001111111
28980,10011110101001010000100100001110101010100101011001111110011111010110111001010
28981,10011110101001010000100100001110101010100101011001111110011111010110111001011
29145,10011110101001010000100100001110101010100101011001111110011111010111000101100
29150,10011110101001010000100100001110101010100101011001111110011111010111000101101
18854,10011110101001010000100100001110101010100101011001111110011111010111000101110
29179,10011110101001010000100100001110101010100101011001111110011111010111000101111
23055,10011110101001010000100100001110101010100101011001111110011111101000011100110
29443,10011110101001010000100100001110101010100101011001111110011111101000011100111
23070,10011110101001010000100100001110101010100101011001111110011111101000011111100
28721,10011110101001010000100100001110101010100101011001111110011111101000011111101
23082,10011110101001010000100100001110101010100101011001111110011111101000011111110
29470,10011110101001010000100100001110101010100101011001111110011111101000011111111
28950,100111101010010100001001000011101010101001010110011111100111110101101110010100
28951,100111101010010100001001000011101010101001010110011111100111110101101110010101
29140,100111101010010100001001000011101010101001010110011111100111110101110001011000
29141,100111101010010100001001000011101010101001010110011111100111110101110001011001
18862,100111101010010100001001000011101010101001010110011111100111110101110001011100
29203,100111101010010100001001000011101010101001010110011111100111110101110001011101
23073,100111101010010100001001000011101010101001010110011111100111111010000111001100
23080,100111101010010100001001000011101010101001010110011111100111111010000111001101
24018,100111101010010100001001000011101010101001010110011111100111111010000111111010
28722,100111101010010100001001000011101010101001010110011111100111111010000111111011
24010,100111101010010100001001000011101010101001010110011111100111111010000111111110
29496,100111101010010100001001000011101010101001010110011111100111111010000111111111
28939,1001111010100101000010010000111010101010010101100111111001111101011011100101000
28946,1001111010100101000010010000111010101010010101100111111001111101011011100101001
28912,1001111010100101000010010000111010101010010101100111111001111101011011100101010
28913,1001111010100101000010010000111010101010010101100111111001111101011011100101011
18859,1001111010100101000010010000111010101010010101100111111001111101011100010111000
29204,1001111010100101000010010000111010101010010101100111111001111101011100010111001
29205,1001111010100101000010010000111010101010010101100111111001111101011100010111010
29214,1001111010100101000010010000111010101010010101100111111001111101011100010111011
24024,1001111010100101000010010000111010101010010101100111111001111110100001111110100
29486,1001111010100101000010010000111010101010010101100111111001111110100001111110101
24009,1001111010100101000010010000111010101010010101100111111001111110100001111111100
24016,1001111010100101000010010000111010101010010101100111111001111110100001111111101
28919,10011110101001010000100100001110101010100101011001111110011111010110111001010010
28920,10011110101001010000100100001110101010100101011001111110011111010110111001010011
23196,10011110101001010000100100001110101010100101011001111110011111010110111001010100
23197,10011110101001010000100100001110101010100101011001111110011111010110111001010101
23228,10011110101001010000100100001110101010100101011001111110011111010110111001010110
23229,10011110101001010000100100001110101010100101011001111110011111010110111001010111
18841,10011110101001010000100100001110101010100101011001111110011111010111000101110000
18842,10011110101001010000100100001110101010100101011001111110011111010111000101110001
29213,10011110101001010000100100001110101010100101011001111110011111010111000101110110
29220,10011110101001010000100100001110101010100101011001111110011111010111000101110111
29379,10011110101001010000100100001110101010100101011001111110011111101000011111101010
29500,10011110101001010000100100001110101010100101011001111110011111101000011111101011
29489,10011110101001010000100100001110101010100101011001111110011111101000011111111010
29510,10011110101001010000100100001110101010100101011001111110011111101000011111111011
28908,100111101010010100001001000011101010101001010110011111100111110101101110010101000
28909,100111101010010100001001000011101010101001010110011111100111110101101110010101001
23219,100111101010010100001001000011101010101001010110011111100111110101101110010101110
23222,100111101010010100001001000011101010101001010110011111100111110101101110010101111
18823,100111101010010100001001000011101010101001010110011111100111110101110001011100010
18844,100111101010010100001001000011101010101001010110011111100111110101110001011100011
25933,100111101010010100001001000011101010101001010110011111100111110101110001011101110
29222,100111101010010100001001000011101010101001010110011111100111110101110001011101111
29503,100111101010010100001001000011101010101001010110011111100111111010000111111010110
29573,100111101010010100001001000011101010101001010110011111100111111010000111111010111
29387,100111101010010100001001000011101010101001010110011111100111111010000111111110110
29564,100111101010010100001001000011101010101001010110011111100111111010000111111110111
23223,1001111010100101000010010000111010101010010101100111111001111101011011100101011110
28914,1001111010100101000010010000111010101010010101100111111001111101011011100101011111
25932,1001111010100101000010010000111010101010010101100111111001111101011100010111011100
29241,1001111010100101000010010000111010101010010101100111111001111101011100010111011101
29391,1001111010100101000010010000111010101010010101100111111001111110100001111111101100
29537,1001111010100101000010010000111010101010010101100111111001111110100001111111101101
29583,1001111010100101000010010000111010101010010101100111111001111110100001111111101110
29628,1001111010100101000010010000111010101010010101100111111001111110100001111111101111
23234,10011110101001010000100100001110101010100101011001111110011111010110111001010111110
28924,10011110101001010000100100001110101010100101011001111110011111010110111001010111111
29257,10011110101001010000100100001110101010100101011001111110011111010111000101110111010
29286,10011110101001010000100100001110101010100101011001111110011111010111000101110111011
29586,10011110101001010000100100001110101010100101011001111110011111101000011111111011010
29588,10011110101001010000100100001110101010100101011001111110011111101000011111111011011
28925,100111101010010100001001000011101010101001010110011111100111110101101110010101111110
29010,100111101010010100001001000011101010101001010110011111100111110101101110010101111111
28695,100111101010010100001001000011101010101001010110011111100111110101110001011101110100
29273,100111101010010100001001000011101010101001010110011111100111110101110001011101110101
28688,100111101010010100001001000011101010101001010110011111100111110101110001011101110110
29285,100111101010010100001001000011101010101001010110011111100111110101110001011101110111
29599,100111101010010100001001000011101010101001010110011111100111111010000111111110110100
29603,100111101010010100001001000011101010101001010110011111100111111010000111111110110101
29589,100111101010010100001001000011101010101001010110011111100111111010000111111110110110
29641,100111101010010100001001000011101010101001010110011111100111111010000111111110110111
28917,1001111010100101000010010000111010101010010101100111111001111101011011100101011111100
28963,1001111010100101000010010000111010101010010101100111111001111101011011100101011111101
29013,1001111010100101000010010000111010101010010101100111111001111101011011100101011111110
29055,1001111010100101000010010000111010101010010101100111111001111101011011100101011111111
28689,1001111010100101000010010000111010101010010101100111111001111101011100010111011101010
29274,1001111010100101000010010000111010101010010101100111111001111101011100010111011101011
28687,1001111010100101000010010000111010101010010101100111111001111101011100010111011101100
28701,1001111010100101000010010000111010101010010101100111111001111101011100010111011101101
29266,1001111010100101000010010000111010101010010101100111111001111101011100010111011101110
29267,1001111010100101000010010000111010101010010101100111111001111101011100010111011101111
28964,10011110101001010000100100001110101010100101011001111110011111010110111001010111111010
28973,10011110101001010000100100001110101010100101011001111110011111010110111001010111111011
28696,10011110101001010000100100001110101010100101011001111110011111010111000101110111010100
28713,10011110101001010000100100001110101010100101011001111110011111010111000101110111010101
28700,10011110101001010000100100001110101010100101011001111110011111010111000101110111011010
29310,10011110101001010000100100001110101010100101011001111110011111010111000101110111011011
28983,100111101010010100001001000011101010101001010110011111100111110101101110010101111110110
28999,100111101010010100001001000011101010101001010110011111100111110101101110010101111110111
28705,100111101010010100001001000011101010101001010110011111100111110101110001011101110101000
29300,100111101010010100001001000011101010101001010110011111100111110101110001011101110101001
26671,100111101010010100001001000011101010101001010110011111100111110101110001011101110110110
29319,100111101010010100001001000011101010101001010110011111100111110101110001011101110110111
28984,1001111010100101000010010000111010101010010101100111111001111101011011100101011111101100
29019,1001111010100101000010010000111010101010010101100111111001111101011011100101011111101101
28693,1001111010100101000010010000111010101010010101100111111001111101011100010111011101010000
29317,1001111010100101000010010000111010101010010101100111111001111101011100010111011101010001
29308,1001111010100101000010010000111010101010010101100111111001111101011100010111011101010010
29327,1001111010100101000010010000111010101010010101100111111001111101011100010111011101010011
29020,10011110101001010000100100001110101010100101011001111110011111010110111001010111111011010
29033,10011110101001010000100100001110101010100101011001111110011111010110111001010111111011011
28690,10011110101001010000100100001110101010100101011001111110011111010111000101110111010100000
28691,10011110101001010000100100001110101010100101011001111110011111010111000101110111010100001
29318,10011110101001010000100100001110101010100101011001111110011111010111000101110111010100010
29354,10011110101001010000100100001110101010100101011001111110011111010111000101110111010100011
26661,10011110101001010000100100001110101010100101011001111110011111010111000101110111010100110
29370,10011110101001010000100100001110101010100101011001111110011111010111000101110111010100111
29011,100111101010010100001001000011101010101001010110011111100111110101101110010101111110110100
29015,100111101010010100001001000011101010101001010110011111100111110101101110010101111110110101
28680,100111101010010100001001000011101010101001010110011111100111110101101110010101111110110110
29039,100111101010010100001001000011101010101001010110011111100111110101101110010101111110110111
29279,100111101010010100001001000011101010101001010110011111100111110101110001011101110101000010
29280,100111101010010100001001000011101010101001010110011111100111110101110001011101110101000011
29355,100111101010010100001001000011101010101001010110011111100111110101110001011101110101000110
29359,100111101010010100001001000011101010101001010110011111100111110101110001011101110101000111
29378,100111101010010100001001000011101010101001010110011111100111110101110001011101110101001110
29412,100111101010010100001001000011101010101001010110011111100111110101110001011101110101001111
29062,1001111010100101000010010000111010101010010101100111111001111101011011100101011111101101100
29091,1001111010100101000010010000111010101010010101100111111001111101011011100101011111101101101
29038,1001111010100101000010010000111010101010010101100111111001111101011011100101011111101101110
29049,1001111010100101000010010000111010101010010101100111111001111101011011100101011111101101111
29255,1001111010100101000010010000111010101010010101100111111001111101011100010111011101010000110
29268,1001111010100101000010010000111010101010010101100111111001111101011100010111011101010000111
29339,1001111010100101000010010000111010101010010101100111111001111101011100010111011101010001100
29340,1001111010100101000010010000111010101010010101100111111001111101011100010111011101010001101
29366,1001111010100101000010010000111010101010010101100111111001111101011100010111011101010001110
29376,1001111010100101000010010000111010101010010101100111111001111101011100010111011101010001111
29373,1001111010100101000010010000111010101010010101100111111001111101011100010111011101010011100
29375,1001111010100101000010010000111010101010010101100111111001111101011100010111011101010011101
24008,1001111010100101000010010000111010101010010101100111111001111101011100010111011101010011110
29452,1001111010100101000010010000111010101010010101100111111001111101011100010111011101010011111
29063,10011110101001010000100100001110101010100101011001111110011111010110111001010111111011011000
29097,10011110101001010000100100001110101010100101011001111110011111010110111001010111111011011001
29094,10011110101001010000100100001110101010100101011001111110011111010110111001010111111011011010
29102,10011110101001010000100100001110101010100101011001111110011111010110111001010111111011011011
25938,10011110101001010000100100001110101010100101011001111110011111010111000101110111010100001100
29225,10011110101001010000100100001110101010100101011001111110011111010111000101110111010100001101
29316,10011110101001010000100100001110101010100101011001111110011111010111000101110111010100011010
29320,10011110101001010000100100001110101010100101011001111110011111010111000101110111010100011011
29422,10011110101001010000100100001110101010100101011001111110011111010111000101110111010100011110
29425,10011110101001010000100100001110101010100101011001111110011111010111000101110111010100011111
29374,10011110101001010000100100001110101010100101011001111110011111010111000101110111010100111010
29407,10011110101001010000100100001110101010100101011001111110011111010111000101110111010100111011
28714,10011110101001010000100100001110101010100101011001111110011111010111000101110111010100111110
29451,10011110101001010000100100001110101010100101011001111110011111010111000101110111010100111111
29056,100111101010010100001001000011101010101001010110011111100111110101101110010101111110110110000
29057,100111101010010100001001000011101010101001010110011111100111110101101110010101111110110110001
25911,100111101010010100001001000011101010101001010110011111100111110101110001011101110101000011010
25912,100111101010010100001001000011101010101001010110011111100111110101110001011101110101000011011
29314,100111101010010100001001000011101010101001010110011111100111110101110001011101110101000110100
29315,100111101010010100001001000011101010101001010110011111100111110101110001011101110101000110101
29429,100111101010010100001001000011101010101001010110011111100111110101110001011101110101000111100
29453,100111101010010100001001000011101010101001010110011111100111110101110001011101110101000111101
29406,100111101010010100001001000011101010101001010110011111100111110101110001011101110101001110110
29450,100111101010010100001001000011101010101001010110011111100111110101110001011101110101001110111
24015,100111101010010100001001000011101010101001010110011111100111110101110001011101110101001111100
24023,100111101010010100001001000011101010101001010110011111100111110101110001011101110101001111101
29058,1001111010100101000010010000111010101010010101100111111001111101011011100101011111101101100010
29088,1001111010100101000010010000111010101010010101100111111001111101011011100101011111101101100011
29302,1001111010100101000010010000111010101010010101100111111001111101011100010111011101010001101010
29306,1001111010100101000010010000111010101010010101100111111001111101011100010111011101010001101011
29402,1001111010100101000010010000111010101010010101100111111001111101011100010111011101010001111000
29404,1001111010100101000010010000111010101010010101100111111001111101011100010111011101010001111001
29449,1001111010100101000010010000111010101010010101100111111001111101011100010111011101010011101110
29471,1001111010100101000010010000111010101010010101100111111001111101011100010111011101010011101111
29481,1001111010100101000010010000111010101010010101100111111001111101011100010111011101010011111000
29483,1001111010100101000010010000111010101010010101100111111001111101011100010111011101010011111001
28672,10011110101001010000100100001110101010100101011001111110011111010110111001010111111011011000100
29047,10011110101001010000100100001110101010100101011001111110011111010110111001010111111011011000101
29099,10011110101001010000100100001110101010100101011001111110011111010110111001010111111011011000110
29109,10011110101001010000100100001110101010100101011001111110011111010110111001010111111011011000111
29299,10011110101001010000100100001110101010100101011001111110011111010111000101110111010100011010110
29338,10011110101001010000100100001110101010100101011001111110011111010111000101110111010100011010111
29405,10011110101001010000100100001110101010100101011001111110011111010111000101110111010100011110010
29433,10011110101001010000100100001110101010100101011001111110011111010111000101110111010100011110011
29384,10011110101001010000100100001110101010100101011001111110011111010111000101110111010100111110000
29480,10011110101001010000100100001110101010100101011001111110011111010111000101110111010100111110001
29490,10011110101001010000100100001110101010100101011001111110011111010111000101110111010100111110010
29512,10011110101001010000100100001110101010100101011001111110011111010111000101110111010100111110011
29116,100111101010010100001001000011101010101001010110011111100111110101101110010101111110110110001110
29126,100111101010010100001001000011101010101001010110011111100111110101101110010101111110110110001111
28698,100111101010010100001001000011101010101001010110011111100111110101110001011101110101000110101100
28699,100111101010010100001001000011101010101001010110011111100111110101110001011101110101000110101101
29371,100111101010010100001001000011101010101001010110011111100111110101110001011101110101000111100100
29372,100111101010010100001001000011101010101001010110011111100111110101110001011101110101000111100101
23059,100111101010010100001001000011101010101001010110011111100111110101110001011101110101000111100110
29468,100111101010010100001001000011101010101001010110011111100111110101110001011101110101000111100111
29478,100111101010010100001001000011101010101001010110011111100111110101110001011101110101001111100010
29498,100111101010010100001001000011101010101001010110011111100111110101110001011101110101001111100011
29117,1001111010100101000010010000111010101010010101100111111001111101011011100101011111101101100011100
30190,1001111010100101000010010000111010101010010101100111111001111101011011100101011111101101100011101
29292,1001111010100101000010010000111010101010010101100111111001111101011100010111011101010001101011010
29293,1001111010100101000010010000111010101010010101100111111001111101011100010111011101010001101011011
23060,1001111010100101000010010000111010101010010101100111111001111101011100010111011101010001111001100
24012,1001111010100101000010010000111010101010010101100111111001111101011100010111011101010001111001101
24022,1001111010100101000010010000111010101010010101100111111001111101011100010111011101010001111001110
28723,1001111010100101000010010000111010101010010101100111111001111101011100010111011101010001111001111
29494,1001111010100101000010010000111010101010010101100111111001111101011100010111011101010011111000110
29505,1001111010100101000010010000111010101010010101100111111001111101011100010111011101010011111000111
29146,10011110101001010000100100001110101010100101011001111110011111010110111001010111111011011000111010
29277,10011110101001010000100100001110101010100101011001111110011111010111000101110111010100011010110100
29281,10011110101001010000100100001110101010100101011001111110011111010111000101110111010100011010110101
29454,10011110101001010000100100001110101010100101011001111110011111010111000101110111010100011110011000
29456,10011110101001010000100100001110101010100101011001111110011111010111000101110111010100011110011001
24030,10011110101001010000100100001110101010100101011001111110011111010111000101110111010100011110011100
29491,10011110101001010000100100001110101010100101011001111110011111010111000101110111010100011110011101
24020,10011110101001010000100100001110101010100101011001111110011111010111000101110111010100011110011110
29473,10011110101001010000100100001110101010100101011001111110011111010111000101110111010100011110011111
29507,10011110101001010000100100001110101010100101011001111110011111010111000101110111010100111110001110
29519,10011110101001010000100100001110101010100101011001111110011111010111000101110111010100111110001111
29152,100111101010010100001001000011101010101001010110011111100111110101101110010101111110110110001110100
29180,100111101010010100001001000011101010101001010110011111100111110101101110010101111110110110001110101
29252,100111101010010100001001000011101010101001010110011111100111110101110001011101110101000110101101000
29253,100111101010010100001001000011101010101001010110011111100111110101110001011101110101000110101101001
29444,100111101010010100001001000011101010101001010110011111100111110101110001011101110101000111100110010
29445,100111101010010100001001000011101010101001010110011111100111110101110001011101110101000111100110011
29383,100111101010010100001001000011101010101001010110011111100111110101110001011101110101000111100111000
29475,100111101010010100001001000011101010101001010110011111100111110101110001011101110101000111100111001
24019,100111101010010100001001000011101010101001010110011111100111110101110001011101110101000111100111100
29474,100111101010010100001001000011101010101001010110011111100111110101110001011101110101000111100111101
29506,100111101010010100001001000011101010101001010110011111100111110101110001011101110101001111100011100
29534,100111101010010100001001000011101010101001010110011111100111110101110001011101110101001111100011101
29206,1001111010100101000010010000111010101010010101100111111001111101011011100101011111101101100011101000
29207,1001111010100101000010010000111010101010010101100111111001111101011011100101011111101101100011101001
25913,1001111010100101000010010000111010101010010101100111111001111101011100010111011101010001101011010010
25914,1001111010100101000010010000111010101010010101100111111001111101011100010111011101010001101011010011
23063,1001111010100101000010010000111010101010010101100111111001111101011100010111011101010001111001100110
29446,1001111010100101000010010000111010101010010101100111111001111101011100010111011101010001111001100111
29476,1001111010100101000010010000111010101010010101100111111001111101011100010111011101010001111001110010
29479,1001111010100101000010010000111010101010010101100111111001111101011100010111011101010001111001110011
29499,1001111010100101000010010000111010101010010101100111111001111101011100010111011101010001111001111010
29514,1001111010100101000010010000111010101010010101100111111001111101011100010111011101010001111001111011
29504,1001111010100101000010010000111010101010010101100111111001111101011100010111011101010011111000111000
29523,1001111010100101000010010000111010101010010101100111111001111101011100010111011101010011111000111001
29550,1001111010100101000010010000111010101010010101100111111001111101011100010111011101010011111000111010
29601,1001111010100101000010010000111010101010010101100111111001111101011100010111011101010011111000111011
29216,10011110101001010000100100001110101010100101011001111110011111010110111001010111111011011000111010000
29223,10011110101001010000100100001110101010100101011001111110011111010110111001010111111011011000111010001
29398,10011110101001010000100100001110101010100101011001111110011111010111000101110111010100011110011001110
29399,10011110101001010000100100001110101010100101011001111110011111010111000101110111010100011110011001111
29492,10011110101001010000100100001110101010100101011001111110011111010111000101110111010100011110011100110
29524,10011110101001010000100100001110101010100101011001111110011111010111000101110111010100011110011100111
29513,10011110101001010000100100001110101010100101011001111110011111010111000101110111010100011110011110110
29531,10011110101001010000100100001110101010100101011001111110011111010111000101110111010100011110011110111
29482,10011110101001010000100100001110101010100101011001111110011111010111000101110111010100111110001110000
29497,10011110101001010000100100001110101010100101011001111110011111010111000101110111010100111110001110001
29528,10011110101001010000100100001110101010100101011001111110011111010111000101110111010100111110001110010
29544,10011110101001010000100100001110101010100101011001111110011111010111000101110111010100111110001110011
29551,10011110101001010000100100001110101010100101011001111110011111010111000101110111010100111110001110100
29556,10011110101001010000100100001110101010100101011001111110011111010111000101110111010100111110001110101
29390,100111101010010100001001000011101010101001010110011111100111110101110001011101110101000111100111001100
29493,100111101010010100001001000011101010101001010110011111100111110101110001011101110101000111100111001101
29495,100111101010010100001001000011101010101001010110011111100111110101110001011101110101000111100111101100
29501,100111101010010100001001000011101010101001010110011111100111110101110001011101110101000111100111101101
29545,100111101010010100001001000011101010101001010110011111100111110101110001011101110101000111100111101110
29570,100111101010010100001001000011101010101001010110011111100111110101110001011101110101000111100111101111
29555,100111101010010100001001000011101010101001010110011111100111110101110001011101110101001111100011100100
29626,100111101010010100001001000011101010101001010110011111100111110101110001011101110101001111100011100101
29543,100111101010010100001001000011101010101001010110011111100111110101110001011101110101001111100011100110
29561,100111101010010100001001000011101010101001010110011111100111110101110001011101110101001111100011100111
29525,1001111010100101000010010000111010101010010101100111111001111101011100010111011101010001111001110011000
29558,1001111010100101000010010000111010101010010101100111111001111101011100010111011101010001111001110011001
29485,1001111010100101000010010000111010101010010101100111111001111101011100010111011101010001111001110011010
29487,1001111010100101000010010000111010101010010101100111111001111101011100010111011101010001111001110011011
29566,1001111010100101000010010000111010101010010101100111111001111101011100010111011101010001111001111011100
29627,1001111010100101000010010000111010101010010101100111111001111101011100010111011101010001111001111011101
29569,1001111010100101000010010000111010101010010101100111111001111101011100010111011101010001111001111011110
29587,1001111010100101000010010000111010101010010101100111111001111101011100010111011101010001111001111011111
29623,1001111010100101000010010000111010101010010101100111111001111101011100010111011101010011111000111001010
29639,1001111010100101000010010000111010101010010101100111111001111101011100010111011101010011111000111001011
29568,10011110101001010000100100001110101010100101011001111110011111010111000101110111010100011110011100110010
29571,10011110101001010000100100001110101010100101011001111110011111010111000101110111010100011110011100110011
29488,10011110101001010000100100001110101010100101011001111110011111010111000101110111010100011110011100110110
29511,10011110101001010000100100001110101010100101011001111110011111010111000101110111010100011110011100110111
29567,10011110101001010000100100001110101010100101011001111110011111010111000101110111010100011110011110111000
29592,10011110101001010000100100001110101010100101011001111110011111010111000101110111010100011110011110111001
28742,10011110101001010000100100001110101010100101011001111110011111010111000101110111010100011110011110111110
29597,10011110101001010000100100001110101010100101011001111110011111010111000101110111010100011110011110111111
29644,10011110101001010000100100001110101010100101011001111110011111010111000101110111010100111110001110010110
29654,10011110101001010000100100001110101010100101011001111110011111010111000101110111010100111110001110010111
29576,100111101010010100001001000011101010101001010110011111100111110101110001011101110101000111100111001100110
29594,100111101010010100001001000011101010101001010110011111100111110101110001011101110101000111100111001100111
29593,100111101010010100001001000011101010101001010110011111100111110101110001011101110101000111100111101110010
29618,100111101010010100001001000011101010101001010110011111100111110101110001011101110101000111100111101110011
28741,100111101010010100001001000011101010101001010110011111100111110101110001011101110101000111100111101111100
29702,100111101010010100001001000011101010101001010110011111100111110101110001011101110101000111100111101111101
29596,100111101010010100001001000011101010101001010110011111100111110101110001011101110101000111100111101111110
29617,100111101010010100001001000011101010101001010110011111100111110101110001011101110101000111100111101111111
29577,1001111010100101000010010000111010101010010101100111111001111101011100010111011101010001111001110011001100
29606,1001111010100101000010010000111010101010010101100111111001111101011100010111011101010001111001110011001101
28729,1001111010100101000010010000111010101010010101100111111001111101011100010111011101010001111001111011100110
29630,1001111010100101000010010000111010101010010101100111111001111101011100010111011101010001111001111011100111
29708,1001111010100101000010010000111010101010010101100111111001111101011100010111011101010001111001111011111010
29726,1001111010100101000010010000111010101010010101100111111001111101011100010111011101010001111001111011111011
29616,1001111010100101000010010000111010101010010101100111111001111101011100010111011101010001111001111011111110
29649,1001111010100101000010010000111010101010010101100111111001111101011100010111011101010001111001111011111111
29578,10011110101001010000100100001110101010100101011001111110011111010111000101110111010100011110011100110011000
29609,10011110101001010000100100001110101010100101011001111110011111010111000101110111010100011110011100110011001
29608,10011110101001010000100100001110101010100101011001111110011111010111000101110111010100011110011100110011010
29620,10011110101001010000100100001110101010100101011001111110011111010111000101110111010100011110011100110011011
28734,10011110101001010000100100001110101010100101011001111110011111010111000101110111010100011110011110111001100
28735,10011110101001010000100100001110101010100101011001111110011111010111000101110111010100011110011110111001101
29624,10011110101001010000100100001110101010100101011001111110011111010111000101110111010100011110011110111001110
29657,10011110101001010000100100001110101010100101011001111110011111010111000101110111010100011110011110111001111
29707,10011110101001010000100100001110101010100101011001111110011111010111000101110111010100011110011110111110100
29721,10011110101001010000100100001110101010100101011001111110011111010111000101110111010100011110011110111110101
29734,10011110101001010000100100001110101010100101011001111110011111010111000101110111010100011110011110111110110
29773,10011110101001010000100100001110101010100101011001111110011111010111000101110111010100011110011110111110111
29648,10011110101001010000100100001110101010100101011001111110011111010111000101110111010100011110011110111111110
29656,10011110101001010000100100001110101010100101011001111110011111010111000101110111010100011110011110111111111
29610,100111101010010100001001000011101010101001010110011111100111110101110001011101110101000111100111001100110010
29629,100111101010010100001001000011101010101001010110011111100111110101110001011101110101000111100111001100110011
29621,100111101010010100001001000011101010101001010110011111100111110101110001011101110101000111100111101110011100
29637,100111101010010100001001000011101010101001010110011111100111110101110001011101110101000111100111101110011101
29731,100111101010010100001001000011101010101001010110011111100111110101110001011101110101000111100111101111101100
29750,100111101010010100001001000011101010101001010110011111100111110101110001011101110101000111100111101111101101
29778,100111101010010100001001000011101010101001010110011111100111110101110001011101110101000111100111101111101110
29796,100111101010010100001001000011101010101001010110011111100111110101110001011101110101000111100111101111101111
28748,100111101010010100001001000011101010101001010110011111100111110101110001011101110101000111100111101111111110
29655,100111101010010100001001000011101010101001010110011111100111110101110001011101110101000111100111101111111111
29631,1001111010100101000010010000111010101010010101100111111001111101011100010111011101010001111001110011001100110
29658,1001111010100101000010010000111010101010010101100111111001111101011100010111011101010001111001110011001100111
28744,1001111010100101000010010000111010101010010101100111111001111101011100010111011101010001111001111011100111010
29651,1001111010100101000010010000111010101010010101100111111001111101011100010111011101010001111001111011100111011
29755,1001111010100101000010010000111010101010010101100111111001111101011100010111011101010001111001111011111011010
29757,1001111010100101000010010000111010101010010101100111111001111101011100010111011101010001111001111011111011011
29812,1001111010100101000010010000111010101010010101100111111001111101011100010111011101010001111001111011111011110
29834,1001111010100101000010010000111010101010010101100111111001111101011100010111011101010001111001111011111011111
28749,1001111010100101000010010000111010101010010101100111111001111101011100010111011101010001111001111011111111100
29667,1001111010100101000010010000111010101010010101100111111001111101011100010111011101010001111001111011111111101
29634,1001111010100101000010010000111010101010010101100111111001111101011100010111011101010001111001111011111111110
29635,1001111010100101000010010000111010101010010101100111111001111101011100010111011101010001111001111011111111111
29632,10011110101001010000100100001110101010100101011001111110011111010111000101110111010100011110011100110011001100
29662,10011110101001010000100100001110101010100101011001111110011111010111000101110111010100011110011100110011001101
28745,10011110101001010000100100001110101010100101011001111110011111010111000101110111010100011110011110111001110100
29669,10011110101001010000100100001110101010100101011001111110011111010111000101110111010100011110011110111001110101
29756,10011110101001010000100100001110101010100101011001111110011111010111000101110111010100011110011110111110110100
29781,10011110101001010000100100001110101010100101011001111110011111010111000101110111010100011110011110111110110101
29818,10011110101001010000100100001110101010100101011001111110011111010111000101110111010100011110011110111110111100
29841,10011110101001010000100100001110101010100101011001111110011111010111000101110111010100011110011110111110111101
29724,10011110101001010000100100001110101010100101011001111110011111010111000101110111010100011110011110111111111010
29732,10011110101001010000100100001110101010100101011001111110011111010111000101110111010100011110011110111111111011
29714,100111101010010100001001000011101010101001010110011111100111110101110001011101110101000111100111101111101101000
29715,100111101010010100001001000011101010101001010110011111100111110101110001011101110101000111100111101111101101001
29786,100111101010010100001001000011101010101001010110011111100111110101110001011101110101000111100111101111101101010
29794,100111101010010100001001000011101010101001010110011111100111110101110001011101110101000111100111101111101101011
29720,100111101010010100001001000011101010101001010110011111100111110101110001011101110101000111100111101111111110100
29763,100111101010010100001001000011101010101001010110011111100111110101110001011101110101000111100111101111111110101
29733,100111101010010100001001000011101010101001010110011111100111110101110001011101110101000111100111101111111110110
29748,100111101010010100001001000011101010101001010110011111100111110101110001011101110101000111100111101111111110111
29774,1001111010100101000010010000111010101010010101100111111001111101011100010111011101010001111001111011111011010100
29775,1001111010100101000010010000111010101010010101100111111001111101011100010111011101010001111001111011111011010101
29803,1001111010100101000010010000111010101010010101100111111001111101011100010111011101010001111001111011111011010110
29815,1001111010100101000010010000111010101010010101100111111001111101011100010111011101010001111001111011111011010111
29697,1001111010100101000010010000111010101010010101100111111001111101011100010111011101010001111001111011111111101000
29698,1001111010100101000010010000111010101010010101100111111001111101011100010111011101010001111001111011111111101001
29762,1001111010100101000010010000111010101010010101100111111001111101011100010111011101010001111001111011111111101010
29785,1001111010100101000010010000111010101010010101100111111001111101011100010111011101010001111001111011111111101011
29749,1001111010100101000010010000111010101010010101100111111001111101011100010111011101010001111001111011111111101110
29752,1001111010100101000010010000111010101010010101100111111001111101011100010111011101010001111001111011111111101111
29771,10011110101001010000100100001110101010100101011001111110011111010111000101110111010100011110011110111110110101010
29780,10011110101001010000100100001110101010100101011001111110011111010111000101110111010100011110011110111110110101011
29848,10011110101001010000100100001110101010100101011001111110011111010111000101110111010100011110011110111110110101110
29851,10011110101001010000100100001110101010100101011001111110011111010111000101110111010100011110011110111110110101111
29684,10011110101001010000100100001110101010100101011001111110011111010111000101110111010100011110011110111111111010000
29685,10011110101001010000100100001110101010100101011001111110011111010111000101110111010100011110011110111111111010001
29777,10011110101001010000100100001110101010100101011001111110011111010111000101110111010100011110011110111111111011110
29881,10011110101001010000100100001110101010100101011001111110011111010111000101110111010100011110011110111111111011111
29743,100111101010010100001001000011101010101001010110011111100111110101110001011101110101000111100111101111101101010100
29744,100111101010010100001001000011101010101001010110011111100111110101110001011101110101000111100111101111101101010101
29849,100111101010010100001001000011101010101001010110011111100111110101110001011101110101000111100111101111101101011100
29877,100111101010010100001001000011101010101001010110011111100111110101110001011101110101000111100111101111101101011101
29882,100111101010010100001001000011101010101001010110011111100111110101110001011101110101000111100111101111101101011110
29887,100111101010010100001001000011101010101001010110011111100111110101110001011101110101000111100111101111101101011111
29683,100111101010010100001001000011101010101001010110011111100111110101110001011101110101000111100111101111111110100000
29746,100111101010010100001001000011101010101001010110011111100111110101110001011101110101000111100111101111111110100001
29797,100111101010010100001001000011101010101001010110011111100111110101110001011101110101000111100111101111111110111100
29828,100111101010010100001001000011101010101001010110011111100111110101110001011101110101000111100111101111111110111101
29880,100111101010010100001001000011101010101001010110011111100111110101110001011101110101000111100111101111111110111110
29923,100111101010010100001001000011101010101001010110011111100111110101110001011101110101000111100111101111111110111111
29722,1001111010100101000010010000111010101010010101100111111001111101011100010111011101010001111001111011111011010101010
29723,1001111010100101000010010000111010101010010101100111111001111101011100010111011101010001111001111011111011010101011
29878,1001111010100101000010010000111010101010010101100111111001111101011100010111011101010001111001111011111011010111010
29892,1001111010100101000010010000111010101010010101100111111001111101011100010111011101010001111001111011111011010111011
29883,1001111010100101000010010000111010101010010101100111111001111101011100010111011101010001111001111011111011010111100
29898,1001111010100101000010010000111010101010010101100111111001111101011100010111011101010001111001111011111011010111101
29672,1001111010100101000010010000111010101010010101100111111001111101011100010111011101010001111001111011111111101000000
29687,1001111010100101000010010000111010101010010101100111111001111101011100010111011101010001111001111011111111101000001
29804,1001111010100101000010010000111010101010010101100111111001111101011100010111011101010001111001111011111111101111000
29932,1001111010100101000010010000111010101010010101100111111001111101011100010111011101010001111001111011111111101111001
29709,10011110101001010000100100001110101010100101011001111110011111010111000101110111010100011110011110111110110101010110
29710,10011110101001010000100100001110101010100101011001111110011111010111000101110111010100011110011110111110110101010111
29868,10011110101001010000100100001110101010100101011001111110011111010111000101110111010100011110011110111110110101110100
29869,10011110101001010000100100001110101010100101011001111110011111010111000101110111010100011110011110111110110101110101
29893,10011110101001010000100100001110101010100101011001111110011111010111000101110111010100011110011110111110110101110110
29924,10011110101001010000100100001110101010100101011001111110011111010111000101110111010100011110011110111110110101110111
29906,10011110101001010000100100001110101010100101011001111110011111010111000101110111010100011110011110111110110101111010
29915,10011110101001010000100100001110101010100101011001111110011111010111000101110111010100011110011110111110110101111011
29805,10011110101001010000100100001110101010100101011001111110011111010111000101110111010100011110011110111111111011110000
29816,10011110101001010000100100001110101010100101011001111110011111010111000101110111010100011110011110111111111011110001
29703,100111101010010100001001000011101010101001010110011111100111110101110001011101110101000111100111101111101101010101110
29727,100111101010010100001001000011101010101001010110011111100111110101110001011101110101000111100111101111101101010101111
29907,100111101010010100001001000011101010101001010110011111100111110101110001011101110101000111100111101111101101011110100
29950,100111101010010100001001000011101010101001010110011111100111110101110001011101110101000111100111101111101101011110101
29921,100111101010010100001001000011101010101001010110011111100111110101110001011101110101000111100111101111101101011110110
29935,100111101010010100001001000011101010101001010110011111100111110101110001011101110101000111100111101111101101011110111
29817,100111101010010100001001000011101010101001010110011111100111110101110001011101110101000111100111101111111110111100010
29863,100111101010010100001001000011101010101001010110011111100111110101110001011101110101000111100111101111111110111100011
29933,1001111010100101000010010000111010101010010101100111111001111101011100010111011101010001111001111011111111101111000110
30192,1001111010100101000010010000111010101010010101100111111001111101011100010111011101010001111001111011111111101111000111
29952,10011110101001010000100100001110101010100101011001111110011111010111000101110111010100011110011110111111111011110001100
29964,10011110101001010000100100001110101010100101011001111110011111010111000101110111010100011110011110111111111011110001101
29910,10011110101001010000100100001110101010100101011001111110011111010111000101110111010100011110011110111111111011110001110
29911,100111101010010100001001000011101010101001010110011111100111110101110001011101110101000111100111101111111110111100011100
29927,100111101010010100001001000011101010101001010110011111100111110101110001011101110101000111100111101111111110111100011101
29912,1001111010100101000010010000111010101010010101100111111001111101011100010111011101010001111001111011111111101111000111000
29968,1001111010100101000010010000111010101010010101100111111001111101011100010111011101010001111001111011111111101111000111001
29934,1001111010100101000010010000111010101010010101100111111001111101011100010111011101010001111001111011111111101111000111010
29957,1001111010100101000010010000111010101010010101100111111001111101011100010111011101010001111001111011111111101111000111011
29908,10011110101001010000100100001110101010100101011001111110011111010111000101110111010100011110011110111111111011110001110000
29953,10011110101001010000100100001110101010100101011001111110011111010111000101110111010100011110011110111111111011110001110001
29969,10011110101001010000100100001110101010100101011001111110011111010111000101110111010100011110011110111111111011110001110010
29990,10011110101001010000100100001110101010100101011001111110011111010111000101110111010100011110011110111111111011110001110011
29970,10011110101001010000100100001110101010100101011001111110011111010111000101110111010100011110011110111111111011110001110110
29988,10011110101001010000100100001110101010100101011001111110011111010111000101110111010100011110011110111111111011110001110111
29902,100111101010010100001001000011101010101001010110011111100111110101110001011101110101000111100111101111111110111100011100000
29903,100111101010010100001001000011101010101001010110011111100111110101110001011101110101000111100111101111111110111100011100001
29989,100111101010010100001001000011101010101001010110011111100111110101110001011101110101000111100111101111111110111100011101100
29994,100111101010010100001001000011101010101001010110011111100111110101110001011101110101000111100111101111111110111100011101101
29997,1001111010100101000010010000111010101010010101100111111001111101011100010111011101010001111001111011111111101111000111011000
30007,1001111010100101000010010000111010101010010101100111111001111101011100010111011101010001111001111011111111101111000111011001
