"rid", "binaryID"
8391,1
8328,10
8329,11
5802,110
5806,111
8223,1100
8236,1101
5807,1110
5810,1111
4966,11000
8178,11001
5811,11110
8352,11111
4970,110000
4976,110001
8138,110010
8139,110011
8360,111110
8378,111111
8203,1100010
8206,1100011
8123,1100100
8124,1100101
8369,1111100
8380,1111101
8385,1111110
8412,1111111
582,11000100
8273,11000101
8415,11111110
8452,11111111
8140,110001000
8144,110001001
8285,110001010
8301,110001011
8418,111111100
8442,111111101
8459,111111110
8476,111111111
6549,1100010000
6550,1100010001
8286,1100010100
8306,1100010101
620,1111111010
8484,1111111011
48,1111111100
8463,1111111101
8103,11000100010
8110,11000100011
8246,11000101000
8268,11000101001
6572,11000101010
8350,11000101011
49,11111111010
8464,11111111011
8070,110001000100
8096,110001000101
8228,110001010000
8255,110001010001
5812,110001010010
8317,110001010011
8345,110001010100
8363,110001010101
325,111111110100
611,111111110101
7905,1100010001000
8049,1100010001001
5338,1100010100000
5339,1100010100001
8302,1100010100010
8367,1100010100011
6569,1100010100100
8361,1100010100101
614,1111111101010
8508,1111111101011
7880,11000100010000
7894,11000100010001
5340,11000101000010
8233,11000101000011
8362,11000101001010
8386,11000101001011
610,11111111010100
615,11111111010101
8515,11111111010110
8525,11111111010111
1952,110001000100000
1955,110001000100001
5341,110001010000110
8242,110001010000111
8406,110001010010110
8443,110001010010111
40,111111110101000
8490,111111110101001
617,111111110101010
8494,111111110101011
8530,111111110101100
8531,111111110101101
5342,1100010100001100
5343,1100010100001101
8277,1100010100001110
8296,1100010100001111
8407,1100010100101100
8454,1100010100101101
8495,1111111101010110
8536,1111111101010111
6943,1111111101011010
8535,1111111101011011
39,11000101000011010
8221,11000101000011011
5816,11000101000011100
8339,11000101000011101
8403,11000101001011000
8405,11000101001011001
8455,11000101001011010
8479,11000101001011011
314,11111111010101100
326,11111111010101101
6939,11111111010101110
8556,11111111010101111
6582,11111111010110110
8534,11111111010110111
4982,110001010000110100
4988,110001010000110101
8229,110001010000110110
8239,110001010000110111
8435,110001010010110100
8444,110001010010110101
320,110001010010110110
8486,110001010010110111
8563,111111110101011100
8572,111111110101011101
6945,111111110101011110
8553,111111110101011111
8157,1100010100001101000
8158,1100010100001101001
4983,1100010100001101010
8287,1100010100001101011
317,1100010100101101100
8509,1100010100101101101
8569,1111111101010111000
8570,1111111101010111001
6304,1111111101010111010
8571,1111111101010111011
8537,1111111101010111110
8538,1111111101010111111
8143,11000101000011010010
8159,11000101000011010011
6301,11111111010101110000
8575,11111111010101110001
6300,11111111010101110010
8577,11111111010101110011
6303,11111111010101110100
6306,11111111010101110101
6946,11111111010101111110
8527,11111111010101111111
6553,110001010000110100100
6554,110001010000110100101
8160,110001010000110100110
8172,110001010000110100111
6302,111111110101011100000
6327,111111110101011100001
8582,111111110101011100010
8610,111111110101011100011
8576,111111110101011100110
8584,111111110101011100111
6944,111111110101011111100
6947,111111110101011111101
8519,111111110101011111110
8526,111111110101011111111
8145,1100010100001101001100
8184,1100010100001101001101
8173,1100010100001101001110
8226,1100010100001101001111
6328,1111111101010111000010
8579,1111111101010111000011
8587,1111111101010111000100
8607,1111111101010111000101
8593,1111111101010111001110
8608,1111111101010111001111
318,1111111101010111111100
30166,1111111101010111111101
8141,11000101000011010011000
8149,11000101000011010011001
4967,11000101000011010011010
8189,11000101000011010011011
8227,11000101000011010011110
8243,11000101000011010011111
8581,11111111010101110000110
8586,11111111010101110000111
8592,11111111010101110011100
8604,11111111010101110011101
319,11111111010101111111010
8516,11111111010101111111011
6557,110001010000110100110000
6558,110001010000110100110001
8190,110001010000110100110110
8199,110001010000110100110111
8254,110001010000110100111110
30165,110001010000110100111111
6319,111111110101011100001100
8583,111111110101011100001101
8594,111111110101011100001110
8605,111111110101011100001111
8104,1100010100001101001100000
8105,1100010100001101001100001
4974,1100010100001101001101100
8179,1100010100001101001101101
8244,1100010100001101001111110
8297,1100010100001101001111111
6307,1111111101010111000011000
6321,1111111101010111000011001
8606,1111111101010111000011110
8609,1111111101010111000011111
8071,11000101000011010011000000
8093,11000101000011010011000001
8059,11000101000011010011000010
8085,11000101000011010011000011
8171,11000101000011010011011010
8175,11000101000011010011011011
5336,11000101000011010011111100
8237,11000101000011010011111101
5795,11000101000011010011111110
8303,11000101000011010011111111
6948,11111111010101110000110000
8557,11111111010101110000110001
8611,11111111010101110000111110
8623,11111111010101110000111111
8064,110001010000110100110000000
8065,110001010000110100110000001
7869,110001010000110100110000100
7901,110001010000110100110000101
8185,110001010000110100110110110
8211,110001010000110100110110111
8240,110001010000110100111111010
8256,110001010000110100111111011
5803,110001010000110100111111100
5820,110001010000110100111111101
6579,111111110101011100001100000
8552,111111110101011100001100001
8621,111111110101011100001111100
8628,111111110101011100001111101
8624,111111110101011100001111110
8647,111111110101011100001111111
8054,1100010100001101001100000000
8055,1100010100001101001100000001
943,1100010100001101001100001000
944,1100010100001101001100001001
7902,1100010100001101001100001010
8063,1100010100001101001100001011
8241,1100010100001101001111110100
8275,1100010100001101001111110101
6562,1100010100001101001111111010
8346,1100010100001101001111111011
8627,1111111101010111000011111010
8648,1111111101010111000011111011
8616,1111111101010111000011111100
8617,1111111101010111000011111101
7903,11000101000011010011000000000
7904,11000101000011010011000000001
1956,11000101000011010011000010010
1957,11000101000011010011000010011
7881,11000101000011010011000010100
7882,11000101000011010011000010101
8086,11000101000011010011000010110
8099,11000101000011010011000010111
8278,11000101000011010011111101010
8281,11000101000011010011111101011
6563,11000101000011010011111110100
8347,11000101000011010011111110101
8655,11111111010101110000111110110
8658,11111111010101110000111110111
8618,11111111010101110000111111010
8646,11111111010101110000111111011
7897,110001010000110100110000000000
8058,110001010000110100110000000001
937,110001010000110100110000101000
938,110001010000110100110000101001
8282,110001010000110100111111010110
8290,110001010000110100111111010111
8348,110001010000110100111111101010
8356,110001010000110100111111101011
626,111111110101011100001111101100
8669,111111110101011100001111101101
8660,111111110101011100001111101110
8667,111111110101011100001111101111
8661,111111110101011100001111110110
8671,111111110101011100001111110111
7870,1100010100001101001100000000000
7877,1100010100001101001100000000001
932,1100010100001101001100001010010
933,1100010100001101001100001010011
5796,1100010100001101001111110101110
8291,1100010100001101001111110101111
8364,1100010100001101001111111010110
8371,1100010100001101001111111010111
8670,1111111101010111000011111011010
8673,1111111101010111000011111011011
8654,1111111101010111000011111011100
8664,1111111101010111000011111011101
1249,1111111101010111000011111011110
8672,1111111101010111000011111011111
8662,1111111101010111000011111101100
8668,1111111101010111000011111101101
7865,11000101000011010011000000000000
7866,11000101000011010011000000000001
7879,11000101000011010011000000000010
8057,11000101000011010011000000000011
5780,11000101000011010011000010100100
5782,11000101000011010011000010100101
934,11000101000011010011000010100110
946,11000101000011010011000010100111
5797,11000101000011010011111101011100
5814,11000101000011010011111101011101
8387,11000101000011010011111110101110
8398,11000101000011010011111110101111
8674,11111111010101110000111110110110
8683,11111111010101110000111110110111
8649,11111111010101110000111111011000
8650,11111111010101110000111111011001
8678,11111111010101110000111111011010
8681,11111111010101110000111111011011
952,110001010000110100110000000000000
7859,110001010000110100110000000000001
7872,110001010000110100110000000000100
7873,110001010000110100110000000000101
5770,110001010000110100110000101001010
5777,110001010000110100110000101001011
8017,110001010000110100110000101001100
8024,110001010000110100110000101001101
947,110001010000110100110000101001110
7895,110001010000110100110000101001111
5798,110001010000110100111111010111000
8335,110001010000110100111111010111001
8399,110001010000110100111111101011100
8410,110001010000110100111111101011101
8397,110001010000110100111111101011110
8420,110001010000110100111111101011111
329,111111110101011100001111101101110
8689,111111110101011100001111101101111
8638,111111110101011100001111110110000
8639,111111110101011100001111110110001
1240,111111110101011100001111110110100
8679,111111110101011100001111110110101
1243,111111110101011100001111110110110
1245,111111110101011100001111110110111
8002,1100010100001101001100001010010100
8003,1100010100001101001100001010010101
5774,1100010100001101001100001010011000
5775,1100010100001101001100001010011001
948,1100010100001101001100001010011100
7887,1100010100001101001100001010011101
1953,1100010100001101001100001010011110
1959,1100010100001101001100001010011111
8299,1100010100001101001111110101110000
8318,1100010100001101001111110101110001
8336,1100010100001101001111110101110010
8340,1100010100001101001111110101110011
8388,1100010100001101001111111010111000
8389,1100010100001101001111111010111001
8416,1100010100001101001111111010111010
8453,1100010100001101001111111010111011
8419,1100010100001101001111111010111110
8439,1100010100001101001111111010111111
330,1111111101010111000011111011011100
657,1111111101010111000011111011011101
653,1111111101010111000011111011011110
8690,1111111101010111000011111011011111
8634,1111111101010111000011111101100000
8635,1111111101010111000011111101100001
8636,1111111101010111000011111101100010
8644,1111111101010111000011111101100011
623,1111111101010111000011111101101000
1241,1111111101010111000011111101101001
631,1111111101010111000011111101101100
1248,1111111101010111000011111101101101
5787,11000101000011010011000010100101000
8001,11000101000011010011000010100101001
4957,11000101000011010011000010100110010
7936,11000101000011010011000010100110011
7899,11000101000011010011000010100111000
8052,11000101000011010011000010100111001
1960,11000101000011010011000010100111110
7900,11000101000011010011000010100111111
8292,11000101000011010011111101011100000
8307,11000101000011010011111101011100001
5821,11000101000011010011111101011100100
8357,11000101000011010011111101011100101
8417,11000101000011010011111110101110100
8466,11000101000011010011111110101110101
621,11111111010101110000111110110111000
650,11111111010101110000111110110111001
8692,11111111010101110000111110110111010
8693,11111111010101110000111110110111011
8622,11111111010101110000111111011000000
8625,11111111010101110000111111011000001
8599,11111111010101110000111111011000010
8602,11111111010101110000111111011000011
8640,11111111010101110000111111011000110
8641,11111111010101110000111111011000111
622,11111111010101110000111111011010000
654,11111111010101110000111111011010001
630,11111111010101110000111111011011000
635,11111111010101110000111111011011001
7942,110001010000110100110000101001010010
7955,110001010000110100110000101001010011
4944,110001010000110100110000101001100100
4951,110001010000110100110000101001100101
6555,110001010000110100110000101001110010
8168,110001010000110100110000101001110011
1932,110001010000110100110000101001111100
1939,110001010000110100110000101001111101
8053,110001010000110100110000101001111110
8097,110001010000110100110000101001111111
8265,110001010000110100111111010111000000
8266,110001010000110100111111010111000001
41,110001010000110100111111101011101010
47,110001010000110100111111101011101011
8699,111111110101011100001111101101110110
8715,111111110101011100001111101101110111
8600,111111110101011100001111110110000000
8601,111111110101011100001111110110000001
8619,111111110101011100001111110110001110
8620,111111110101011100001111110110001111
644,111111110101011100001111110110100010
645,111111110101011100001111110110100011
627,111111110101011100001111110110110000
638,111111110101011100001111110110110001
643,111111110101011100001111110110110010
646,111111110101011100001111110110110011
7924,1100010100001101001100001010011001000
7925,1100010100001101001100001010011001001
6556,1100010100001101001100001010011100100
8150,1100010100001101001100001010011100101
1940,1100010100001101001100001010011111010
1961,1100010100001101001100001010011111011
7890,1100010100001101001100001010011111100
8146,1100010100001101001100001010011111101
8100,1100010100001101001100001010011111110
8125,1100010100001101001100001010011111111
42,1100010100001101001111111010111010100
50,1100010100001101001111111010111010101
8698,1111111101010111000011111011011101100
8721,1111111101010111000011111011011101101
8597,1111111101010111000011111101100000000
8598,1111111101010111000011111101100000001
1242,1111111101010111000011111101101100000
8680,1111111101010111000011111101101100001
8704,1111111101010111000011111101101100100
8706,1111111101010111000011111101101100101
6532,11000101000011010011000010100110010000
7915,11000101000011010011000010100110010001
7916,11000101000011010011000010100110010010
7937,11000101000011010011000010100110010011
8152,11000101000011010011000010100111001010
8186,11000101000011010011000010100111001011
5788,11000101000011010011000010100111110100
8007,11000101000011010011000010100111110101
7878,11000101000011010011000010100111111000
7888,11000101000011010011000010100111111001
4978,11000101000011010011000010100111111010
8204,11000101000011010011000010100111111011
4975,11000101000011010011000010100111111110
8128,11000101000011010011000010100111111111
8421,11000101000011010011111110101110101000
8422,11000101000011010011111110101110101001
607,11000101000011010011111110101110101010
8493,11000101000011010011111110101110101011
8712,11111111010101110000111111011011001000
8723,11111111010101110000111111011011001001
8701,11111111010101110000111111011011001010
8716,11111111010101110000111111011011001011
7843,110001010000110100110000101001100100010
7844,110001010000110100110000101001100100011
1916,110001010000110100110000101001100100100
6538,110001010000110100110000101001100100101
7938,110001010000110100110000101001100100110
7999,110001010000110100110000101001100100111
7984,110001010000110100110000101001111101000
7996,110001010000110100110000101001111101001
7889,110001010000110100110000101001111110010
8081,110001010000110100110000101001111110011
590,110001010000110100110000101001111110100
605,110001010000110100110000101001111110101
4984,110001010000110100110000101001111111100
8217,110001010000110100110000101001111111101
8413,110001010000110100111111101011101010010
8423,110001010000110100111111101011101010011
8500,110001010000110100111111101011101010110
8514,110001010000110100111111101011101010111
8730,111111110101011100001111110110110010010
8771,111111110101011100001111110110110010011
7772,1100010100001101001100001010011001000100
7854,1100010100001101001100001010011001000101
7830,1100010100001101001100001010011001000110
7831,1100010100001101001100001010011001000111
1878,1100010100001101001100001010011001001000
7858,1100010100001101001100001010011001001001
6539,1100010100001101001100001010011001001010
6541,1100010100001101001100001010011001001011
5766,1100010100001101001100001010011001001110
7971,1100010100001101001100001010011001001111
7883,1100010100001101001100001010011111100100
7906,1100010100001101001100001010011111100101
8118,1100010100001101001100001010011111100110
8163,1100010100001101001100001010011111100111
594,1100010100001101001100001010011111101000
599,1100010100001101001100001010011111101001
27,1100010100001101001100001010011111101010
35,1100010100001101001100001010011111101011
8207,1100010100001101001100001010011111111000
8212,1100010100001101001100001010011111111001
6580,1100010100001101001111111010111010101100
8502,1100010100001101001111111010111010101101
8513,1100010100001101001111111010111010101110
8518,1100010100001101001111111010111010101111
8731,1111111101010111000011111101101100100100
8740,1111111101010111000011111101101100100101
8762,1111111101010111000011111101101100100110
8764,1111111101010111000011111101101100100111
7730,11000101000011010011000010100110010001000
7742,11000101000011010011000010100110010001001
7768,11000101000011010011000010100110010001100
7769,11000101000011010011000010100110010001101
7814,11000101000011010011000010100110010001110
7822,11000101000011010011000010100110010001111
1880,11000101000011010011000010100110010010010
7840,11000101000011010011000010100110010010011
7939,11000101000011010011000010100110010011110
7940,11000101000011010011000010100110010011111
949,11000101000011010011000010100111111001000
950,11000101000011010011000010100111111001001
8135,11000101000011010011000010100111111001100
8176,11000101000011010011000010100111111001101
4964,11000101000011010011000010100111111001110
8174,11000101000011010011000010100111111001111
26,11000101000011010011000010100111111010100
8260,11000101000011010011000010100111111010101
8503,11000101000011010011111110101110101011010
8504,11000101000011010011111110101110101011011
8499,11000101000011010011111110101110101011100
8510,11000101000011010011111110101110101011101
8523,11000101000011010011111110101110101011110
8524,11000101000011010011111110101110101011111
8744,11111111010101110000111111011011001001010
8763,11111111010101110000111111011011001001011
8749,11111111010101110000111111011011001001110
8750,11111111010101110000111111011011001001111
7656,110001010000110100110000101001100100010000
7657,110001010000110100110000101001100100010001
1912,110001010000110100110000101001100100010010
7752,110001010000110100110000101001100100010011
7731,110001010000110100110000101001100100011000
7732,110001010000110100110000101001100100011001
1881,110001010000110100110000101001100100100100
1920,110001010000110100110000101001100100100101
4936,110001010000110100110000101001100100111110
4937,110001010000110100110000101001100100111111
1941,110001010000110100110000101001111110010000
1942,110001010000110100110000101001111110010001
8132,110001010000110100110000101001111110011000
8133,110001010000110100110000101001111110011001
4972,110001010000110100110000101001111110011100
8293,110001010000110100110000101001111110011101
8294,110001010000110100110000101001111110101010
8314,110001010000110100110000101001111110101011
618,110001010000110100111111101011101010110100
619,110001010000110100111111101011101010110101
8505,110001010000110100111111101011101010110110
8517,110001010000110100111111101011101010110111
8532,110001010000110100111111101011101010111110
8542,110001010000110100111111101011101010111111
8747,111111110101011100001111110110110010010100
8759,111111110101011100001111110110110010010101
8736,111111110101011100001111110110110010011110
8737,111111110101011100001111110110110010011111
7611,1100010100001101001100001010011001000100000
7625,1100010100001101001100001010011001000100001
7751,1100010100001101001100001010011001000100110
7764,1100010100001101001100001010011001000100111
7705,1100010100001101001100001010011001000110000
7706,1100010100001101001100001010011001000110001
7823,1100010100001101001100001010011001001001000
7852,1100010100001101001100001010011001001001001
6537,1100010100001101001100001010011001001111110
7914,1100010100001101001100001010011001001111111
8030,1100010100001101001100001010011111100100000
8031,1100010100001101001100001010011111100100001
8119,1100010100001101001100001010011111100110010
8187,1100010100001101001100001010011111100110011
5794,1100010100001101001100001010011111101010110
8331,1100010100001101001100001010011111101010111
612,1100010100001101001111111010111010101101010
613,1100010100001101001111111010111010101101011
8501,1100010100001101001111111010111010101101100
8511,1100010100001101001111111010111010101101101
6934,1100010100001101001111111010111010101101110
8528,1100010100001101001111111010111010101101111
8533,1100010100001101001111111010111010101111100
8554,1100010100001101001111111010111010101111101
8732,1111111101010111000011111101101100100101000
8755,1111111101010111000011111101101100100101001
8767,1111111101010111000011111101101100100101010
8787,1111111101010111000011111101101100100101011
7762,11000101000011010011000010100110010001001110
7785,11000101000011010011000010100110010001001111
4938,11000101000011010011000010100110010011111100
6542,11000101000011010011000010100110010011111101
1929,11000101000011010011000010100110010011111110
7909,11000101000011010011000010100110010011111111
8022,11000101000011010011000010100111111001000010
8023,11000101000011010011000010100111111001000011
8114,11000101000011010011000010100111111001100100
8147,11000101000011010011000010100111111001100101
4977,11000101000011010011000010100111111001100110
4985,11000101000011010011000010100111111001100111
8512,11000101000011010011111110101110101011011010
8539,11000101000011010011111110101110101011011011
6574,11000101000011010011111110101110101011011110
8529,11000101000011010011111110101110101011011111
6578,11000101000011010011111110101110101011111010
6933,11000101000011010011111110101110101011111011
8756,11111111010101110000111111011011001001010010
8784,11111111010101110000111111011011001001010011
7750,110001010000110100110000101001100100010011100
7825,110001010000110100110000101001100100010011101
4942,110001010000110100110000101001100100111111000
4945,110001010000110100110000101001100100111111001
1883,110001010000110100110000101001100100111111110
1884,110001010000110100110000101001100100111111111
5778,110001010000110100110000101001111110010000110
5790,110001010000110100110000101001111110010000111
8112,110001010000110100110000101001111110011001000
8113,110001010000110100110000101001111110011001001
586,110001010000110100110000101001111110011001100
8200,110001010000110100110000101001111110011001101
34,110001010000110100110000101001111110011001110
4979,110001010000110100110000101001111110011001111
8506,110001010000110100111111101011101010110110100
8507,110001010000110100111111101011101010110110101
6581,110001010000110100111111101011101010110110110
8541,110001010000110100111111101011101010110110111
6584,110001010000110100111111101011101010110111100
6942,110001010000110100111111101011101010110111101
6941,110001010000110100111111101011101010111110100
8560,110001010000110100111111101011101010111110101
8753,111111110101011100001111110110110010010100100
8835,111111110101011100001111110110110010010100101
5369,111111110101011100001111110110110010010100110
8808,111111110101011100001111110110110010010100111
7711,1100010100001101001100001010011001000100111000
7712,1100010100001101001100001010011001000100111001
1909,1100010100001101001100001010011001000100111010
6536,1100010100001101001100001010011001000100111011
1885,1100010100001101001100001010011001001111111110
1913,1100010100001101001100001010011001001111111111
5767,1100010100001101001100001010011111100100001100
5768,1100010100001101001100001010011111100100001101
8056,1100010100001101001100001010011111100110010000
8060,1100010100001101001100001010011111100110010001
8111,1100010100001101001100001010011111100110010010
8115,1100010100001101001100001010011111100110010011
25,1100010100001101001100001010011111100110011000
595,1100010100001101001100001010011111100110011001
8208,1100010100001101001100001010011111100110011010
8218,1100010100001101001100001010011111100110011011
4965,1100010100001101001100001010011111100110011110
8216,1100010100001101001100001010011111100110011111
51,1100010100001101001111111010111010101101101000
606,1100010100001101001111111010111010101101101001
6585,1100010100001101001111111010111010101101101100
6940,1100010100001101001111111010111010101101101101
6949,1100010100001101001111111010111010101101111000
8559,1100010100001101001111111010111010101101111001
6951,1100010100001101001111111010111010101101111010
8564,1100010100001101001111111010111010101101111011
8565,1100010100001101001111111010111010101111101010
8567,1100010100001101001111111010111010101111101011
1921,11000101000011010011000010100110010011111111110
4943,11000101000011010011000010100110010011111111111
7985,11000101000011010011000010100111111001000011010
7989,11000101000011010011000010100111111001000011011
7874,11000101000011010011000010100111111001100100000
7875,11000101000011010011000010100111111001100100001
8101,11000101000011010011000010100111111001100100100
8120,11000101000011010011000010100111111001100100101
28,11000101000011010011000010100111111001100110010
596,11000101000011010011000010100111111001100110011
8276,11000101000011010011000010100111111001100110110
8319,11000101000011010011000010100111111001100110111
36,11000101000011010011000010100111111001100111110
579,11000101000011010011000010100111111001100111111
44,11000101000011010011111110101110101011011010010
8483,11000101000011010011111110101110101011011010011
6950,11000101000011010011111110101110101011011011000
6952,11000101000011010011111110101110101011011011001
8561,11000101000011010011111110101110101011011110010
8562,11000101000011010011111110101110101011011110011
6308,11000101000011010011111110101110101011111010100
8566,11000101000011010011111110101110101011111010101
6305,11000101000011010011111110101110101011111010110
8574,11000101000011010011111110101110101011111010111
1922,110001010000110100110000101001100100111111111100
7910,110001010000110100110000101001100100111111111101
7952,110001010000110100110000101001111110010000110100
7960,110001010000110100110000101001111110010000110101
935,110001010000110100110000101001111110011001000010
940,110001010000110100110000101001111110011001000011
8094,110001010000110100110000101001111110011001001000
8142,110001010000110100110000101001111110011001001001
5344,110001010000110100110000101001111110011001100100
8247,110001010000110100110000101001111110011001100101
37,110001010000110100110000101001111110011001111100
5349,110001010000110100110000101001111110011001111101
45,110001010000110100111111101011101010110110100100
608,110001010000110100111111101011101010110110100101
8436,110001010000110100111111101011101010110110100110
8437,110001010000110100111111101011101010110110100111
6309,110001010000110100111111101011101010111110101000
6325,110001010000110100111111101011101010111110101001
6313,110001010000110100111111101011101010111110101100
6314,110001010000110100111111101011101010111110101101
6310,110001010000110100111111101011101010111110101110
8573,110001010000110100111111101011101010111110101111
1903,1100010100001101001100001010011001001111111111000
1904,1100010100001101001100001010011001001111111111001
7933,1100010100001101001100001010011111100100001101000
7946,1100010100001101001100001010011111100100001101001
1937,1100010100001101001100001010011111100110010000100
1938,1100010100001101001100001010011111100110010000101
8069,1100010100001101001100001010011111100110010010000
8106,1100010100001101001100001010011111100110010010001
8153,1100010100001101001100001010011111100110010010010
8164,1100010100001101001100001010011111100110010010011
8224,1100010100001101001100001010011111100110011111010
8238,1100010100001101001100001010011111100110011111011
8450,1100010100001101001111111010111010101101101001000
8460,1100010100001101001111111010111010101101101001001
8425,1100010100001101001111111010111010101101101001110
8433,1100010100001101001111111010111010101101101001111
6320,1100010100001101001111111010111010101111101011100
6324,1100010100001101001111111010111010101111101011101
1905,11000101000011010011000010100110010011111111110010
6533,11000101000011010011000010100110010011111111110011
8040,11000101000011010011000010100111111001100100001010
8041,11000101000011010011000010100111111001100100001011
8061,11000101000011010011000010100111111001100100100000
8075,11000101000011010011000010100111111001100100100001
8245,11000101000011010011000010100111111001100111110110
8249,11000101000011010011000010100111111001100111110111
8408,11000101000011010011111110101110101011011010011100
8409,11000101000011010011111110101110101011011010011101
6322,11000101000011010011111110101110101011111010111000
8580,11000101000011010011111110101110101011111010111001
7848,110001010000110100110000101001100100111111111100100
7849,110001010000110100110000101001100100111111111100101
8033,110001010000110100110000101001111110011001000010110
8034,110001010000110100110000101001111110011001000010111
7867,110001010000110100110000101001111110011001001000000
7868,110001010000110100110000101001111110011001001000001
8078,110001010000110100110000101001111110011001001000010
8098,110001010000110100110000101001111110011001001000011
8274,110001010000110100110000101001111110011001111101110
8315,110001010000110100110000101001111110011001111101111
8395,110001010000110100111111101011101010110110100111010
8400,110001010000110100111111101011101010110110100111011
8578,110001010000110100111111101011101010111110101110010
8585,110001010000110100111111101011101010111110101110011
1902,1100010100001101001100001010011001001111111111001010
7832,1100010100001101001100001010011001001111111111001011
8025,1100010100001101001100001010011111100110010000101110
8026,1100010100001101001100001010011111100110010000101111
7862,1100010100001101001100001010011111100110010010000010
7863,1100010100001101001100001010011111100110010010000011
8079,1100010100001101001100001010011111100110010010000100
8102,1100010100001101001100001010011111100110010010000101
8289,1100010100001101001100001010011111100110011111011100
8300,1100010100001101001100001010011111100110011111011101
5813,1100010100001101001100001010011111100110011111011110
8316,1100010100001101001100001010011111100110011111011111
8392,1100010100001101001111111010111010101101101001110100
8393,1100010100001101001111111010111010101101101001110101
7802,11000101000011010011000010100110010011111111110010110
7803,11000101000011010011000010100110010011111111110010111
8019,11000101000011010011000010100111111001100100001011100
8020,11000101000011010011000010100111111001100100001011101
1947,11000101000011010011000010100111111001100100100000100
7896,11000101000011010011000010100111111001100100100000101
8288,11000101000011010011000010100111111001100111110111000
8309,11000101000011010011000010100111111001100111110111001
5817,11000101000011010011000010100111111001100111110111100
8332,11000101000011010011000010100111111001100111110111101
8311,11000101000011010011000010100111111001100111110111110
8312,11000101000011010011000010100111111001100111110111111
7789,110001010000110100110000101001100100111111111100101110
7828,110001010000110100110000101001100100111111111100101111
8014,110001010000110100110000101001111110011001000010111010
8016,110001010000110100110000101001111110011001000010111011
1943,110001010000110100110000101001111110011001001000001000
1954,110001010000110100110000101001111110011001001000001001
8321,110001010000110100110000101001111110011001111101110010
8322,110001010000110100110000101001111110011001111101110011
6566,110001010000110100110000101001111110011001111101111010
6571,110001010000110100110000101001111110011001111101111011
600,110001010000110100110000101001111110011001111101111100
603,110001010000110100110000101001111110011001111101111101
5799,110001010000110100110000101001111110011001111101111110
8310,110001010000110100110000101001111110011001111101111111
7773,1100010100001101001100001010011001001111111111001011100
7786,1100010100001101001100001010011001001111111111001011101
1882,1100010100001101001100001010011001001111111111001011110
1889,1100010100001101001100001010011001001111111111001011111
7986,1100010100001101001100001010011111100110010000101110110
7987,1100010100001101001100001010011111100110010000101110111
1930,1100010100001101001100001010011111100110010010000010000
1931,1100010100001101001100001010011111100110010010000010001
951,1100010100001101001100001010011111100110010010000010010
1948,1100010100001101001100001010011111100110010010000010011
8320,1100010100001101001100001010011111100110011111011100100
8324,1100010100001101001100001010011111100110011111011100101
6570,1100010100001101001100001010011111100110011111011110110
8355,1100010100001101001100001010011111100110011111011110111
8197,1100010100001101001100001010011111100110011111011111000
8198,1100010100001101001100001010011111100110011111011111001
584,1100010100001101001100001010011111100110011111011111010
585,1100010100001101001100001010011111100110011111011111011
5800,1100010100001101001100001010011111100110011111011111100
8342,1100010100001101001100001010011111100110011111011111101
7980,11000101000011010011000010100111111001100100001011101110
7981,11000101000011010011000010100111111001100100001011101111
7860,11000101000011010011000010100111111001100100100000100100
7871,11000101000011010011000010100111111001100100100000100101
8308,11000101000011010011000010100111111001100111110111001000
8431,11000101000011010011000010100111111001100111110111001001
6567,11000101000011010011000010100111111001100111110111001010
6573,11000101000011010011000010100111111001100111110111001011
8365,11000101000011010011000010100111111001100111110111101110
8375,11000101000011010011000010100111111001100111110111101111
8166,11000101000011010011000010100111111001100111110111110000
8167,11000101000011010011000010100111111001100111110111110001
5801,11000101000011010011000010100111111001100111110111111000
5804,11000101000011010011000010100111111001100111110111111001
8343,11000101000011010011000010100111111001100111110111111010
8344,11000101000011010011000010100111111001100111110111111011
7974,110001010000110100110000101001111110011001000010111011110
7975,110001010000110100110000101001111110011001000010111011111
7861,110001010000110100110000101001111110011001001000001001000
7884,110001010000110100110000101001111110011001001000001001001
8304,110001010000110100110000101001111110011001111101110010000
8305,110001010000110100110000101001111110011001111101110010001
8372,110001010000110100110000101001111110011001111101111011100
8401,110001010000110100110000101001111110011001111101111011101
8161,110001010000110100110000101001111110011001111101111100000
8162,110001010000110100110000101001111110011001111101111100001
8250,110001010000110100110000101001111110011001111101111110010
8251,110001010000110100110000101001111110011001111101111110011
8390,110001010000110100110000101001111110011001111101111110110
8432,110001010000110100110000101001111110011001111101111110111
7964,1100010100001101001100001010011111100110010000101110111110
7965,1100010100001101001100001010011111100110010000101110111111
939,1100010100001101001100001010011111100110010010000010010000
7864,1100010100001101001100001010011111100110010010000010010001
7885,1100010100001101001100001010011111100110010010000010010010
8090,1100010100001101001100001010011111100110010010000010010011
8323,1100010100001101001100001010011111100110011111011100100000
8373,1100010100001101001100001010011111100110011111011100100001
8428,1100010100001101001100001010011111100110011111011110111010
8434,1100010100001101001100001010011111100110011111011110111011
5345,1100010100001101001100001010011111100110011111011111100100
5346,1100010100001101001100001010011111100110011111011111100101
8396,1100010100001101001100001010011111100110011111011111101100
8402,1100010100001101001100001010011111100110011111011111101101
8446,1100010100001101001100001010011111100110011111011111101110
8447,1100010100001101001100001010011111100110011111011111101111
7963,11000101000011010011000010100111111001100100001011101111110
7967,11000101000011010011000010100111111001100100001011101111111
1933,11000101000011010011000010100111111001100100100000100100000
8048,11000101000011010011000010100111111001100100100000100100001
7886,11000101000011010011000010100111111001100100100000100100100
8062,11000101000011010011000010100111111001100100100000100100101
8341,11000101000011010011000010100111111001100111110111001000000
8351,11000101000011010011000010100111111001100111110111001000001
8374,11000101000011010011000010100111111001100111110111001000010
8379,11000101000011010011000010100111111001100111110111001000011
8427,11000101000011010011000010100111111001100111110111101110100
8441,11000101000011010011000010100111111001100111110111101110101
8438,11000101000011010011000010100111111001100111110111101110110
8451,11000101000011010011000010100111111001100111110111101110111
592,11000101000011010011000010100111111001100111110111111001000
593,11000101000011010011000010100111111001100111110111111001001
8404,11000101000011010011000010100111111001100111110111111011010
8424,11000101000011010011000010100111111001100111110111111011011
7968,110001010000110100110000101001111110011001000010111011111110
7990,110001010000110100110000101001111110011001000010111011111111
5785,110001010000110100110000101001111110011001001000001001000010
5786,110001010000110100110000101001111110011001001000001001000011
8440,110001010000110100110000101001111110011001111101111011101010
8471,110001010000110100110000101001111110011001111101111011101011
8472,110001010000110100110000101001111110011001111101111011101110
8478,110001010000110100110000101001111110011001111101111011101111
8213,110001010000110100110000101001111110011001111101111110010010
8214,110001010000110100110000101001111110011001111101111110010011
8394,110001010000110100110000101001111110011001111101111110110100
8461,110001010000110100110000101001111110011001111101111110110101
7991,1100010100001101001100001010011111100110010000101110111111110
8005,1100010100001101001100001010011111100110010000101110111111111
616,1100010100001101001100001010011111100110011111011110111010110
8481,1100010100001101001100001010011111100110011111011110111010111
609,1100010100001101001100001010011111100110011111011110111011100
8485,1100010100001101001100001010011111100110011111011110111011101
315,1100010100001101001100001010011111100110011111011110111011110
8477,1100010100001101001100001010011111100110011111011110111011111
8201,1100010100001101001100001010011111100110011111011111100100100
8202,1100010100001101001100001010011111100110011111011111100100101
8370,1100010100001101001100001010011111100110011111011111101101000
8381,1100010100001101001100001010011111100110011111011111101101001
8473,1100010100001101001100001010011111100110011111011111101101010
8489,1100010100001101001100001010011111100110011111011111101101011
43,11000101000011010011000010100111111001100111110111101110101110
8480,11000101000011010011000010100111111001100111110111101110101111
316,11000101000011010011000010100111111001100111110111101110111000
8496,11000101000011010011000010100111111001100111110111101110111001
321,11000101000011010011000010100111111001100111110111101110111100
8520,11000101000011010011000010100111111001100111110111101110111101
4990,11000101000011010011000010100111111001100111110111111001001010
4991,11000101000011010011000010100111111001100111110111111001001011
6561,11000101000011010011000010100111111001100111110111111011010000
8295,11000101000011010011000010100111111001100111110111111011010001
8376,11000101000011010011000010100111111001100111110111111011010010
8382,11000101000011010011000010100111111001100111110111111011010011
8474,11000101000011010011000010100111111001100111110111111011010100
8487,11000101000011010011000010100111111001100111110111111011010101
323,11000101000011010011000010100111111001100111110111111011010110
8498,11000101000011010011000010100111111001100111110111111011010111
8497,110001010000110100110000101001111110011001111101111011101110010
8522,110001010000110100110000101001111110011001111101111011101110011
8521,110001010000110100110000101001111110011001111101111011101111010
8550,110001010000110100110000101001111110011001111101111011101111011
8252,110001010000110100110000101001111110011001111101111110110100010
8269,110001010000110100110000101001111110011001111101111110110100011
8383,110001010000110100110000101001111110011001111101111110110100110
8414,110001010000110100110000101001111110011001111101111110110100111
8488,110001010000110100110000101001111110011001111101111110110101010
8491,110001010000110100110000101001111110011001111101111110110101011
6576,1100010100001101001100001010011111100110011111011110111011100110
6583,1100010100001101001100001010011111100110011111011110111011100111
6936,1100010100001101001100001010011111100110011111011110111011110110
6937,1100010100001101001100001010011111100110011111011110111011110111
5337,1100010100001101001100001010011111100110011111011111101101000100
5347,1100010100001101001100001010011111100110011111011111101101000101
6568,1100010100001101001100001010011111100110011111011111101101000110
8270,1100010100001101001100001010011111100110011111011111101101000111
8384,1100010100001101001100001010011111100110011111011111101101001100
8411,1100010100001101001100001010011111100110011111011111101101001101
8492,1100010100001101001100001010011111100110011111011111101101010110
8547,1100010100001101001100001010011111100110011111011111101101010111
6577,11000101000011010011000010100111111001100111110111101110111101100
6935,11000101000011010011000010100111111001100111110111101110111101101
6575,11000101000011010011000010100111111001100111110111101110111101110
6938,11000101000011010011000010100111111001100111110111101110111101111
587,11000101000011010011000010100111111001100111110111111011010001010
588,11000101000011010011000010100111111001100111110111111011010001011
8230,11000101000011010011000010100111111001100111110111111011010001110
8298,11000101000011010011000010100111111001100111110111111011010001111
8445,11000101000011010011000010100111111001100111110111111011010011010
8456,11000101000011010011000010100111111001100111110111111011010011011
8548,11000101000011010011000010100111111001100111110111111011010101110
8558,11000101000011010011000010100111111001100111110111111011010101111
8545,110001010000110100110000101001111110011001111101111011101111011010
8546,110001010000110100110000101001111110011001111101111011101111011011
4968,110001010000110100110000101001111110011001111101111110110100010110
4969,110001010000110100110000101001111110011001111101111110110100010111
8220,110001010000110100110000101001111110011001111101111110110100011100
8231,110001010000110100110000101001111110011001111101111110110100011101
46,110001010000110100110000101001111110011001111101111110110100110100
8448,110001010000110100110000101001111110011001111101111110110100110101
8549,110001010000110100110000101001111110011001111101111110110101011100
8551,110001010000110100110000101001111110011001111101111110110101011101
4963,1100010100001101001100001010011111100110011111011111101101000101110
4980,1100010100001101001100001010011111100110011111011111101101000101111
597,1100010100001101001100001010011111100110011111011111101101000111000
598,1100010100001101001100001010011111100110011111011111101101000111001
8234,1100010100001101001100001010011111100110011111011111101101000111010
8283,1100010100001101001100001010011111100110011111011111101101000111011
8449,1100010100001101001100001010011111100110011111011111101101001101010
8462,1100010100001101001100001010011111100110011111011111101101001101011
322,1100010100001101001100001010011111100110011111011111101101010111000
324,1100010100001101001100001010011111100110011111011111101101010111001
8540,1100010100001101001100001010011111100110011111011111101101010111010
8543,1100010100001101001100001010011111100110011111011111101101010111011
8180,11000101000011010011000010100111111001100111110111111011010001011100
8181,11000101000011010011000010100111111001100111110111111011010001011101
589,11000101000011010011000010100111111001100111110111111011010001110010
591,11000101000011010011000010100111111001100111110111111011010001110011
8235,11000101000011010011000010100111111001100111110111111011010001110100
8261,11000101000011010011000010100111111001100111110111111011010001110101
8467,11000101000011010011000010100111111001100111110111111011010011010110
8482,11000101000011010011000010100111111001100111110111111011010011010111
8544,11000101000011010011000010100111111001100111110111111011010101110110
8555,11000101000011010011000010100111111001100111110111111011010101110111
8151,110001010000110100110000101001111110011001111101111110110100010111000
8154,110001010000110100110000101001111110011001111101111110110100010111001
8177,110001010000110100110000101001111110011001111101111110110100010111010
8182,110001010000110100110000101001111110011001111101111110110100010111011
8193,110001010000110100110000101001111110011001111101111110110100011100100
8194,110001010000110100110000101001111110011001111101111110110100011100101
8262,110001010000110100110000101001111110011001111101111110110100011101010
8267,110001010000110100110000101001111110011001111101111110110100011101011
8468,110001010000110100110000101001111110011001111101111110110100110101100
8475,110001010000110100110000101001111110011001111101111110110100110101101
6559,1100010100001101001100001010011111100110011111011111101101000101110000
8137,1100010100001101001100001010011111100110011111011111101101000101110001
8169,1100010100001101001100001010011111100110011111011111101101000111001000
8170,1100010100001101001100001010011111100110011111011111101101000111001001
5805,1100010100001101001100001010011111100110011111011111101101000111010110
8263,1100010100001101001100001010011111100110011111011111101101000111010111
8465,1100010100001101001100001010011111100110011111011111101101001101011000
8470,1100010100001101001100001010011111100110011111011111101101001101011001
6551,11000101000011010011000010100111111001100111110111111011010001011100000
6552,11000101000011010011000010100111111001100111110111111011010001011100001
8087,11000101000011010011000010100111111001100111110111111011010001110010010
8088,11000101000011010011000010100111111001100111110111111011010001110010011
6564,11000101000011010011000010100111111001100111110111111011010001110101100
8353,11000101000011010011000010100111111001100111110111111011010001110101101
5793,11000101000011010011000010100111111001100111110111111011010001110101110
8264,11000101000011010011000010100111111001100111110111111011010001110101111
8457,11000101000011010011000010100111111001100111110111111011010011010110010
8458,11000101000011010011000010100111111001100111110111111011010011010110011
8082,110001010000110100110000101001111110011001111101111110110100010111000010
8083,110001010000110100110000101001111110011001111101111110110100010111000011
7907,110001010000110100110000101001111110011001111101111110110100011100100110
7908,110001010000110100110000101001111110011001111101111110110100011100100111
5808,110001010000110100110000101001111110011001111101111110110100011101011100
8337,110001010000110100110000101001111110011001111101111110110100011101011101
8066,1100010100001101001100001010011111100110011111011111101101000101110000100
8080,1100010100001101001100001010011111100110011111011111101101000101110000101
7891,1100010100001101001100001010011111100110011111011111101101000111001001110
7898,1100010100001101001100001010011111100110011111011111101101000111001001111
5809,1100010100001101001100001010011111100110011111011111101101000111010111000
8366,1100010100001101001100001010011111100110011111011111101101000111010111001
8050,11000101000011010011000010100111111001100111110111111011010001011100001000
8051,11000101000011010011000010100111111001100111110111111011010001011100001001
936,11000101000011010011000010100111111001100111110111111011010001110010011100
1949,11000101000011010011000010100111111001100111110111111011010001110010011101
7892,11000101000011010011000010100111111001100111110111111011010001110010011110
8073,11000101000011010011000010100111111001100111110111111011010001110010011111
5815,11000101000011010011000010100111111001100111110111111011010001110101110000
8284,11000101000011010011000010100111111001100111110111111011010001110101110001
8046,110001010000110100110000101001111110011001111101111110110100011100100111010
8047,110001010000110100110000101001111110011001111101111110110100011100100111011
8074,110001010000110100110000101001111110011001111101111110110100011100100111110
8084,110001010000110100110000101001111110011001111101111110110100011100100111111
8325,110001010000110100110000101001111110011001111101111110110100011101011100000
8349,110001010000110100110000101001111110011001111101111110110100011101011100001
8248,110001010000110100110000101001111110011001111101111110110100011101011100010
8253,110001010000110100110000101001111110011001111101111110110100011101011100011
8035,1100010100001101001100001010011111100110011111011111101101000111001001110100
8036,1100010100001101001100001010011111100110011111011111101101000111001001110101
8072,1100010100001101001100001010011111100110011111011111101101000111001001111100
8095,1100010100001101001100001010011111100110011111011111101101000111001001111101
8089,1100010100001101001100001010011111100110011111011111101101000111001001111110
8109,1100010100001101001100001010011111100110011111011111101101000111001001111111
8330,1100010100001101001100001010011111100110011111011111101101000111010111000000
8354,1100010100001101001100001010011111100110011111011111101101000111010111000001
5350,1100010100001101001100001010011111100110011111011111101101000111010111000100
8225,1100010100001101001100001010011111100110011111011111101101000111010111000101
8032,11000101000011010011000010100111111001100111110111111011010001110010011101000
8042,11000101000011010011000010100111111001100111110111111011010001110010011101001
8067,11000101000011010011000010100111111001100111110111111011010001110010011111000
8068,11000101000011010011000010100111111001100111110111111011010001110010011111001
8091,11000101000011010011000010100111111001100111110111111011010001110010011111010
8134,11000101000011010011000010100111111001100111110111111011010001110010011111011
5348,11000101000011010011000010100111111001100111110111111011010001110101110001010
5351,11000101000011010011000010100111111001100111110111111011010001110101110001011
5335,110001010000110100110000101001111110011001111101111110110100011101011100010110
8271,110001010000110100110000101001111110011001111101111110110100011101011100010111
583,1100010100001101001100001010011111100110011111011111101101000111010111000101100
604,1100010100001101001100001010011111100110011111011111101101000111010111000101101
8209,11000101000011010011000010100111111001100111110111111011010001110101110001011000
8210,11000101000011010011000010100111111001100111110111111011010001110101110001011001
29,11000101000011010011000010100111111001100111110111111011010001110101110001011010
30,11000101000011010011000010100111111001100111110111111011010001110101110001011011
4971,110001010000110100110000101001111110011001111101111110110100011101011100010110010
4973,110001010000110100110000101001111110011001111101111110110100011101011100010110011
8219,110001010000110100110000101001111110011001111101111110110100011101011100010110110
8222,110001010000110100110000101001111110011001111101111110110100011101011100010110111
8165,1100010100001101001100001010011111100110011111011111101101000111010111000101100110
8191,1100010100001101001100001010011111100110011111011111101101000111010111000101100111
5352,1100010100001101001100001010011111100110011111011111101101000111010111000101101100
8232,1100010100001101001100001010011111100110011111011111101101000111010111000101101101
6546,11000101000011010011000010100111111001100111110111111011010001110101110001011001100
8136,11000101000011010011000010100111111001100111110111111011010001110101110001011001101
4981,11000101000011010011000010100111111001100111110111111011010001110101110001011001110
8192,11000101000011010011000010100111111001100111110111111011010001110101110001011001111
8257,11000101000011010011000010100111111001100111110111111011010001110101110001011011010
8279,11000101000011010011000010100111111001100111110111111011010001110101110001011011011
8116,110001010000110100110000101001111110011001111101111110110100011101011100010110011010
8117,110001010000110100110000101001111110011001111101111110110100011101011100010110011011
8183,110001010000110100110000101001111110011001111101111110110100011101011100010110011110
8188,110001010000110100110000101001111110011001111101111110110100011101011100010110011111
6560,110001010000110100110000101001111110011001111101111110110100011101011100010110110110
8313,110001010000110100110000101001111110011001111101111110110100011101011100010110110111
8076,1100010100001101001100001010011111100110011111011111101101000111010111000101100110110
8077,1100010100001101001100001010011111100110011111011111101101000111010111000101100110111
8155,1100010100001101001100001010011111100110011111011111101101000111010111000101100111100
8156,1100010100001101001100001010011111100110011111011111101101000111010111000101100111101
8121,11000101000011010011000010100111111001100111110111111011010001110101110001011001111000
8122,11000101000011010011000010100111111001100111110111111011010001110101110001011001111001
8148,11000101000011010011000010100111111001100111110111111011010001110101110001011001111010
8195,11000101000011010011000010100111111001100111110111111011010001110101110001011001111011
6547,110001010000110100110000101001111110011001111101111110110100011101011100010110011110100
6548,110001010000110100110000101001111110011001111101111110110100011101011100010110011110101
4987,110001010000110100110000101001111110011001111101111110110100011101011100010110011110110
8196,110001010000110100110000101001111110011001111101111110110100011101011100010110011110111
8130,1100010100001101001100001010011111100110011111011111101101000111010111000101100111101010
8131,1100010100001101001100001010011111100110011111011111101101000111010111000101100111101011
4986,1100010100001101001100001010011111100110011111011111101101000111010111000101100111101100
4989,1100010100001101001100001010011111100110011111011111101101000111010111000101100111101101
8126,11000101000011010011000010100111111001100111110111111011010001110101110001011001111010100
8127,11000101000011010011000010100111111001100111110111111011010001110101110001011001111010101
8108,11000101000011010011000010100111111001100111110111111011010001110101110001011001111010110
8129,11000101000011010011000010100111111001100111110111111011010001110101110001011001111010111
8205,11000101000011010011000010100111111001100111110111111011010001110101110001011001111011010
8215,11000101000011010011000010100111111001100111110111111011010001110101110001011001111011011
8092,110001010000110100110000101001111110011001111101111110110100011101011100010110011110101100
8107,110001010000110100110000101001111110011001111101111110110100011101011100010110011110101101
32,110001010000110100110000101001111110011001111101111110110100011101011100010110011110110110
580,110001010000110100110000101001111110011001111101111110110100011101011100010110011110110111
31,1100010100001101001100001010011111100110011111011111101101000111010111000101100111101101100
33,1100010100001101001100001010011111100110011111011111101101000111010111000101100111101101101
581,1100010100001101001100001010011111100110011111011111101101000111010111000101100111101101110
601,1100010100001101001100001010011111100110011111011111101101000111010111000101100111101101111
38,11000101000011010011000010100111111001100111110111111011010001110101110001011001111011011110
602,11000101000011010011000010100111111001100111110111111011010001110101110001011001111011011111
8259,110001010000110100110000101001111110011001111101111110110100011101011100010110011110110111100
8359,110001010000110100110000101001111110011001111101111110110100011101011100010110011110110111101
8258,1100010100001101001100001010011111100110011111011111101101000111010111000101100111101101111000
8272,1100010100001101001100001010011111100110011111011111101101000111010111000101100111101101111001
8358,1100010100001101001100001010011111100110011111011111101101000111010111000101100111101101111010
8368,1100010100001101001100001010011111100110011111011111101101000111010111000101100111101101111011
5819,11000101000011010011000010100111111001100111110111111011010001110101110001011001111011011110010
8280,11000101000011010011000010100111111001100111110111111011010001110101110001011001111011011110011
8426,11000101000011010011000010100111111001100111110111111011010001110101110001011001111011011110110
8429,11000101000011010011000010100111111001100111110111111011010001110101110001011001111011011110111
8327,110001010000110100110000101001111110011001111101111110110100011101011100010110011110110111100100
8377,110001010000110100110000101001111110011001111101111110110100011101011100010110011110110111100101
8430,110001010000110100110000101001111110011001111101111110110100011101011100010110011110110111101110
8469,110001010000110100110000101001111110011001111101111110110100011101011100010110011110110111101111
5818,1100010100001101001100001010011111100110011111011111101101000111010111000101100111101101111001000
8338,1100010100001101001100001010011111100110011111011111101101000111010111000101100111101101111001001
8326,11000101000011010011000010100111111001100111110111111011010001110101110001011001111011011110010010
8334,11000101000011010011000010100111111001100111110111111011010001110101110001011001111011011110010011
6565,110001010000110100110000101001111110011001111101111110110100011101011100010110011110110111100100110
8333,110001010000110100110000101001111110011001111101111110110100011101011100010110011110110111100100111
