"rid", "binaryID"
44,1
46,10
52,11
47,100
113,101
42,1000
54,1001
37,10000
38,10001
55,10010
56,10011
39,100100
40,100101
57,100110
73,100111
58,1001100
59,1001101
81,1001110
119,1001111
75,10011100
76,10011101
121,10011110
125,10011111
118,100111100
145,100111101
133,100111110
140,100111111
146,1001111010
181,1001111011
189,1001111110
194,1001111111
135,10011110100
141,10011110101
190,10011110110
237,10011110111
193,10011111110
218,10011111111
182,100111101100
196,100111101101
247,100111101110
249,100111101111
180,100111111100
195,100111111101
229,100111111110
233,100111111111
198,1001111011010
216,1001111011011
250,1001111011110
317,1001111011111
234,1001111111110
253,1001111111111
199,10011110110100
205,10011110110101
230,10011110110110
245,10011110110111
318,10011110111110
377,10011110111111
236,10011111111100
272,10011111111101
256,10011111111110
258,10011111111111
173,100111101101000
174,100111101101001
220,100111101101010
259,100111101101011
378,100111101111110
391,100111101111111
277,100111111111010
305,100111111111011
279,100111111111110
288,100111111111111
358,1001111011111100
406,1001111011111101
300,1001111111110110
311,1001111111110111
323,1001111111111110
369,1001111111111111
342,10011110111111000
379,10011110111111001
407,10011110111111010
422,10011110111111011
324,10011111111111100
348,10011111111111101
382,10011111111111110
405,10011111111111111
297,100111101111110000
319,100111101111110001
370,100111111111111010
442,100111111111111011
414,100111111111111110
437,100111111111111111
302,1001111011111100000
333,1001111011111100001
371,1001111111111110100
415,1001111111111110101
474,1001111111111111110
489,1001111111111111111
303,10011110111111000000
321,10011110111111000001
424,10011111111111101010
461,10011111111111101011
497,10011111111111111100
512,10011111111111111101
343,100111101111110000010
443,100111101111110000011
498,100111111111111010110
520,100111111111111010111
344,1001111011111100000100
349,1001111011111100000101
453,1001111011111100000110
506,1001111011111100000111
499,1001111111111110101100
536,1001111111111110101101
582,1001111111111110101110
629,1001111111111110101111
359,10011110111111000001010
375,10011110111111000001011
455,10011110111111000001100
469,10011110111111000001101
505,10011111111111101011000
535,10011111111111101011001
586,10011111111111101011100
603,10011111111111101011101
361,100111101111110000010100
386,100111101111110000010101
507,100111111111111010110000
531,100111111111111010110001
573,100111111111111010110010
654,100111111111111010110011
585,100111111111111010111000
587,100111111111111010111001
362,1001111011111100000101000
387,1001111011111100000101001
496,1001111111111110101100000
500,1001111111111110101100001
682,1001111111111110101100010
684,1001111111111110101100011
590,1001111111111110101110010
622,1001111111111110101110011
501,10011111111111101011000010
540,10011111111111101011000011
687,10011111111111101011000100
701,10011111111111101011000101
690,10011111111111101011000110
691,10011111111111101011000111
628,10011111111111101011100110
661,10011111111111101011100111
477,100111111111111010110000100
481,100111111111111010110000101
541,100111111111111010110000110
550,100111111111111010110000111
686,100111111111111010110001000
718,100111111111111010110001001
775,100111111111111010110001010
828,100111111111111010110001011
666,100111111111111010111001110
688,100111111111111010111001111
482,1001111111111110101100001010
509,1001111111111110101100001011
542,1001111111111110101100001100
668,1001111111111110101100001101
576,1001111111111110101100001110
646,1001111111111110101100001111
798,1001111111111110101100010100
800,1001111111111110101100010101
667,1001111111111110101110011100
672,1001111111111110101110011101
707,1001111111111110101110011110
756,1001111111111110101110011111
543,10011111111111101011000011000
560,10011111111111101011000011001
648,10011111111111101011000011110
737,10011111111111101011000011111
822,10011111111111101011000101000
880,10011111111111101011000101001
717,10011111111111101011100111100
744,10011111111111101011100111101
759,10011111111111101011100111110
808,10011111111111101011100111111
547,100111111111111010110000110000
569,100111111111111010110000110001
566,100111111111111010110000110010
571,100111111111111010110000110011
649,100111111111111010110000111100
713,100111111111111010110000111101
823,100111111111111010110001010000
864,100111111111111010110001010001
762,100111111111111010111001111010
770,100111111111111010111001111011
754,100111111111111010111001111100
792,100111111111111010111001111101
548,1001111111111110101100001100000
578,1001111111111110101100001100001
580,1001111111111110101100001100010
596,1001111111111110101100001100011
721,1001111111111110101100001111010
738,1001111111111110101100001111011
868,1001111111111110101100010100000
894,1001111111111110101100010100001
700,1001111111111110101110011111000
710,1001111111111110101110011111001
805,1001111111111110101110011111010
834,1001111111111110101110011111011
579,10011111111111101011000011000010
583,10011111111111101011000011000011
599,10011111111111101011000011000100
675,10011111111111101011000011000101
739,10011111111111101011000011110100
793,10011111111111101011000011110101
902,10011111111111101011000101000010
946,10011111111111101011000101000011
819,10011111111111101011100111110100
909,10011111111111101011100111110101
600,100111111111111010110000110000110
630,100111111111111010110000110000111
732,100111111111111010110000111101000
750,100111111111111010110000111101001
927,100111111111111010110001010000100
993,100111111111111010110001010000101
977,100111111111111010110001010000110
1133,100111111111111010110001010000111
820,100111111111111010111001111101000
867,100111111111111010111001111101001
913,100111111111111010111001111101010
945,100111111111111010111001111101011
655,1001111111111110101100001100001110
676,1001111111111110101100001100001111
749,1001111111111110101100001111010010
765,1001111111111110101100001111010011
951,1001111111111110101100010100001000
957,1001111111111110101100010100001001
995,1001111111111110101100010100001010
1001,1001111111111110101100010100001011
1079,1001111111111110101100010100001100
1158,1001111111111110101100010100001101
1134,1001111111111110101100010100001110
1137,1001111111111110101100010100001111
889,1001111111111110101110011111010010
922,1001111111111110101110011111010011
893,1001111111111110101110011111010100
912,1001111111111110101110011111010101
963,1001111111111110101110011111010110
967,1001111111111110101110011111010111
656,10011111111111101011000011000011100
702,10011111111111101011000011000011101
677,10011111111111101011000011000011110
683,10011111111111101011000011000011111
764,10011111111111101011000011110100110
766,10011111111111101011000011110100111
1046,10011111111111101011000101000010100
1112,10011111111111101011000101000010101
1144,10011111111111101011000101000011110
1223,10011111111111101011000101000011111
923,10011111111111101011100111110100110
1044,10011111111111101011100111110100111
966,10011111111111101011100111110101100
1014,10011111111111101011100111110101101
767,100111111111111010110000111101001110
809,100111111111111010110000111101001111
1058,100111111111111010110001010000101000
1122,100111111111111010110001010000101001
1224,100111111111111010110001010000111110
1234,100111111111111010110001010000111111
1045,100111111111111010111001111101001110
1057,100111111111111010111001111101001111
1013,100111111111111010111001111101011010
1117,100111111111111010111001111101011011
768,1001111111111110101100001111010011100
769,1001111111111110101100001111010011101
821,1001111111111110101100001111010011110
837,1001111111111110101100001111010011111
1243,1001111111111110101100010100001111110
1253,1001111111111110101100010100001111111
1066,1001111111111110101110011111010011110
1097,1001111111111110101110011111010011111
1007,1001111111111110101110011111010110100
1021,1001111111111110101110011111010110101
838,10011111111111101011000011110100111110
897,10011111111111101011000011110100111111
1261,10011111111111101011000101000011111100
1371,10011111111111101011000101000011111101
1254,10011111111111101011000101000011111110
1255,10011111111111101011000101000011111111
1109,10011111111111101011100111110100111110
1119,10011111111111101011100111110100111111
1005,10011111111111101011100111110101101000
1006,10011111111111101011100111110101101001
832,100111111111111010110000111101001111100
835,100111111111111010110000111101001111101
924,100111111111111010110000111101001111110
928,100111111111111010110000111101001111111
1374,100111111111111010110001010000111111010
1488,100111111111111010110001010000111111011
1256,100111111111111010110001010000111111110
1285,100111111111111010110001010000111111111
1110,100111111111111010111001111101001111100
1171,100111111111111010111001111101001111101
1118,100111111111111010111001111101001111110
1186,100111111111111010111001111101001111111
836,1001111111111110101100001111010011111010
839,1001111111111110101100001111010011111011
925,1001111111111110101100001111010011111100
929,1001111111111110101100001111010011111101
1509,1001111111111110101100010100001111110110
1519,1001111111111110101100010100001111110111
1311,1001111111111110101100010100001111111110
1338,1001111111111110101100010100001111111111
1172,1001111111111110101110011111010011111010
1199,1001111111111110101110011111010011111011
1185,1001111111111110101110011111010011111110
1239,1001111111111110101110011111010011111111
801,10011111111111101011000011110100111110110
802,10011111111111101011000011110100111110111
932,10011111111111101011000011110100111111010
952,10011111111111101011000011110100111111011
1520,10011111111111101011000101000011111101110
1566,10011111111111101011000101000011111101111
1312,10011111111111101011000101000011111111100
1313,10011111111111101011000101000011111111101
1231,10011111111111101011100111110100111110110
1290,10011111111111101011100111110100111110111
1165,10011111111111101011100111110100111111100
1166,10011111111111101011100111110100111111101
1238,10011111111111101011100111110100111111110
1322,10011111111111101011100111110100111111111
784,100111111111111010110000111101001111101110
785,100111111111111010110000111101001111101111
953,100111111111111010110000111101001111110110
984,100111111111111010110000111101001111110111
1567,100111111111111010110001010000111111011110
1578,100111111111111010110001010000111111011111
1318,100111111111111010110001010000111111111010
1389,100111111111111010110001010000111111111011
1232,100111111111111010111001111101001111101100
1326,100111111111111010111001111101001111101101
1382,100111111111111010111001111101001111101110
1411,100111111111111010111001111101001111101111
1325,100111111111111010111001111101001111111110
1440,100111111111111010111001111101001111111111
780,1001111111111110101100001111010011111011110
794,1001111111111110101100001111010011111011111
947,1001111111111110101100001111010011111101100
968,1001111111111110101100001111010011111101101
996,1001111111111110101100001111010011111101110
1067,1001111111111110101100001111010011111101111
1314,1001111111111110101100010100001111111110100
1349,1001111111111110101100010100001111111110101
1405,1001111111111110101100010100001111111110110
1429,1001111111111110101100010100001111111110111
1233,1001111111111110101110011111010011111011000
1244,1001111111111110101110011111010011111011001
1426,1001111111111110101110011111010011111011100
1439,1001111111111110101110011111010011111011101
771,10011111111111101011000011110100111110111100
772,10011111111111101011000011110100111110111101
948,10011111111111101011000011110100111111011000
1008,10011111111111101011000011110100111111011001
1350,10011111111111101011000101000011111111101010
1375,10011111111111101011000101000011111111101011
1407,10011111111111101011000101000011111111101100
1481,10011111111111101011000101000011111111101101
1249,10011111111111101011100111110100111110110010
1287,10011111111111101011100111110100111110110011
1441,10011111111111101011100111110100111110111010
1451,10011111111111101011100111110100111110111011
943,100111111111111010110000111101001111110110000
949,100111111111111010110000111101001111110110001
1296,100111111111111010110001010000111111111010100
1297,100111111111111010110001010000111111111010101
1397,100111111111111010110001010000111111111010110
1555,100111111111111010110001010000111111111010111
1245,100111111111111010111001111101001111101100100
1301,100111111111111010111001111101001111101100101
1369,100111111111111010111001111101001111101100110
1425,100111111111111010111001111101001111101100111
1457,100111111111111010111001111101001111101110110
1492,100111111111111010111001111101001111101110111
950,1001111111111110101100001111010011111101100010
969,1001111111111110101100001111010011111101100011
1240,1001111111111110101100010100001111111110101000
1241,1001111111111110101100010100001111111110101001
1398,1001111111111110101100010100001111111110101100
1417,1001111111111110101100010100001111111110101101
1210,1001111111111110101110011111010011111011001000
1211,1001111111111110101110011111010011111011001001
1302,1001111111111110101110011111010011111011001010
1309,1001111111111110101110011111010011111011001011
1529,1001111111111110101110011111010011111011001110
1544,1001111111111110101110011111010011111011001111
970,10011111111111101011000011110100111111011000110
1087,10011111111111101011000011110100111111011000111
1310,10011111111111101011100111110100111110110010110
1328,10011111111111101011100111110100111110110010111
1549,10011111111111101011100111110100111110110011110
1599,10011111111111101011100111110100111110110011111
954,100111111111111010110000111101001111110110001100
985,100111111111111010110000111101001111110110001101
1125,100111111111111010110000111101001111110110001110
1161,100111111111111010110000111101001111110110001111
1332,100111111111111010111001111101001111101100101110
1463,100111111111111010111001111101001111101100101111
859,1001111111111110101100001111010011111101100011000
865,1001111111111110101100001111010011111101100011001
986,1001111111111110101100001111010011111101100011010
989,1001111111111110101100001111010011111101100011011
1333,1001111111111110101110011111010011111011001011100
1413,1001111111111110101110011111010011111011001011101
1517,1001111111111110101110011111010011111011001011110
1585,1001111111111110101110011111010011111011001011111
866,10011111111111101011000011110100111111011000110010
898,10011111111111101011000011110100111111011000110011
990,10011111111111101011000011110100111111011000110110
1059,10011111111111101011000011110100111111011000110111
1423,10011111111111101011100111110100111110110010111010
1634,10011111111111101011100111110100111110110010111011
1584,10011111111111101011100111110100111110110010111110
1620,10011111111111101011100111110100111110110010111111
847,100111111111111010110000111101001111110110001100100
855,100111111111111010110000111101001111110110001100101
1061,100111111111111010110000111101001111110110001101110
1068,100111111111111010110000111101001111110110001101111
1420,100111111111111010111001111101001111101100101110100
1476,100111111111111010111001111101001111101100101110101
1633,100111111111111010111001111101001111101100101111110
1660,100111111111111010111001111101001111101100101111111
1069,1001111111111110101100001111010011111101100011011110
1088,1001111111111110101100001111010011111101100011011111
1355,1001111111111110101110011111010011111011001011101000
1370,1001111111111110101110011111010011111011001011101001
1477,1001111111111110101110011111010011111011001011101010
1518,1001111111111110101110011111010011111011001011101011
1670,1001111111111110101110011111010011111011001011111100
1738,1001111111111110101110011111010011111011001011111101
1323,10011111111111101011100111110100111110110010111010000
1356,10011111111111101011100111110100111110110010111010001
1524,10011111111111101011100111110100111110110010111010110
1530,10011111111111101011100111110100111110110010111010111
1680,10011111111111101011100111110100111110110010111111000
1771,10011111111111101011100111110100111110110010111111001
1277,100111111111111010111001111101001111101100101110100000
1278,100111111111111010111001111101001111101100101110100001
1531,100111111111111010111001111101001111101100101110101100
1678,100111111111111010111001111101001111101100101110101101
1267,1001111111111110101110011111010011111011001011101000000
1268,1001111111111110101110011111010011111011001011101000001
1532,1001111111111110101110011111010011111011001011101011000
1536,1001111111111110101110011111010011111011001011101011001
1556,10011111111111101011100111110100111110110010111010110010
1619,10011111111111101011100111110100111110110010111010110011
