"rid", "binaryID"
31638,1
31629,10
31630,11
31604,100
31617,101
31560,1000
31561,1001
31529,10010
31548,10011
31485,100100
31486,100101
31549,100110
31572,100111
31417,1001010
31418,1001011
31578,1001110
31590,1001111
31407,10010110
31408,10010111
31605,10011110
31618,10011111
31606,100111100
31608,100111101
31609,1001111010
31646,1001111011
31571,10011110100
31579,10011110101
31649,10011110110
31653,10011110111
31550,100111101000
31551,100111101001
31557,100111101010
31573,100111101011
31637,100111101100
31644,100111101101
31657,100111101110
31672,100111101111
31487,1001111010010
31488,1001111010011
31466,1001111010100
31501,1001111010101
31574,1001111010110
31591,1001111010111
31635,1001111011000
31645,1001111011001
31660,1001111011100
31668,1001111011101
31673,1001111011110
31677,1001111011111
31448,10011110100100
31463,10011110100101
31449,10011110101000
31450,10011110101001
31592,10011110101110
31613,10011110101111
31682,10011110111110
31695,10011110111111
31353,100111101001000
31354,100111101001001
31436,100111101010010
31437,100111101010011
31593,100111101011100
31597,100111101011101
31624,100111101011110
31632,100111101011111
31701,100111101111110
31702,100111101111111
31346,1001111010010000
31360,1001111010010001
31316,1001111010010010
31328,1001111010010011
31427,1001111010100100
31428,1001111010100101
31433,1001111010100110
31482,1001111010100111
31598,1001111010111010
31599,1001111010111011
31700,1001111011111100
31704,1001111011111101
31705,1001111011111110
31710,1001111011111111
31288,10011110100100000
31289,10011110100100001
31380,10011110100100010
31395,10011110100100011
31401,10011110101001010
31412,10011110101001011
31714,10011110111111100
31716,10011110111111101
31280,100111101001000000
31295,100111101001000001
31255,100111101001000010
31273,100111101001000011
31386,100111101010010100
31387,100111101010010101
31423,100111101010010110
31445,100111101010010111
31715,100111101111111000
31727,100111101111111001
31293,1001111010010000010
31294,1001111010010000011
31248,1001111010010000100
31249,1001111010010000101
31342,1001111010100101000
31356,1001111010100101001
31361,1001111010100101010
31452,1001111010100101011
31703,1001111011111110010
31708,1001111011111110011
31292,10011110100100000100
31301,10011110100100000101
31244,10011110100100001000
31245,10011110100100001001
31219,10011110100100001010
31254,10011110100100001011
31329,10011110101001010000
31333,10011110101001010001
31335,10011110101001010100
31336,10011110101001010101
31470,10011110101001010110
31483,10011110101001010111
31696,10011110111111100100
31697,10011110111111100101
31291,100111101001000001000
31296,100111101001000001001
31141,100111101001000010000
31148,100111101001000010001
31112,100111101001000010010
31114,100111101001000010011
31183,100111101001000010100
31185,100111101001000010101
31305,100111101010010100000
31334,100111101010010100001
31309,100111101010010101010
31321,100111101010010101011
31686,100111101111111001010
31687,100111101111111001011
31128,1001111010010000100000
31133,1001111010010000100001
31085,1001111010010000100100
31086,1001111010010000100101
31025,1001111010010000101000
31026,1001111010010000101001
31181,1001111010010000101010
31186,1001111010010000101011
31274,1001111010100101000000
31275,1001111010100101000001
31228,1001111010100101000010
31258,1001111010100101000011
31322,1001111010100101010110
31357,1001111010100101010111
31688,1001111011111110010110
31693,1001111011111110010111
31024,10011110100100001001000
31032,10011110100100001001001
31122,10011110100100001010110
31123,10011110100100001010111
31251,10011110101001010000010
31252,10011110101001010000011
31151,10011110101001010000100
31160,10011110101001010000101
31259,10011110101001010000110
31265,10011110101001010000111
31358,10011110101001010101110
31397,10011110101001010101111
31003,100111101001000010010000
31004,100111101001000010010001
31073,100111101001000010101100
31074,100111101001000010101101
31237,100111101010010100000110
31238,100111101010010100000111
31135,100111101010010100001000
31136,100111101010010100001001
31226,100111101010010100001100
31246,100111101010010100001101
31359,100111101010010101011100
31374,100111101010010101011101
31409,100111101010010101011110
31420,100111101010010101011111
30989,1001111010010000100100000
30993,1001111010010000100100001
31001,1001111010010000100100010
31007,1001111010010000100100011
31016,1001111010010000101011010
31018,1001111010010000101011011
31129,1001111010100101000010000
31130,1001111010100101000010001
31115,1001111010100101000010010
31116,1001111010100101000010011
31071,1001111010100101000011000
31072,1001111010100101000011001
31188,1001111010100101000011010
31232,1001111010100101000011011
31381,1001111010100101010111010
31439,1001111010100101010111011
31424,1001111010100101010111110
31457,1001111010100101010111111
30905,10011110100100001001000000
30907,10011110100100001001000001
30999,10011110100100001010110100
31000,10011110100100001010110101
31093,10011110101001010000100100
31094,10011110101001010000100101
31108,10011110101001010000100110
31109,10011110101001010000100111
31174,10011110101001010000110100
31192,10011110101001010000110101
31382,10011110101001010101110100
31414,10011110101001010101110101
31480,10011110101001010101111110
31496,10011110101001010101111111
30894,100111101001000010010000000
30898,100111101001000010010000001
30874,100111101001000010010000010
30881,100111101001000010010000011
30963,100111101001000010101101010
30964,100111101001000010101101011
31138,100111101010010100001101000
31139,100111101010010100001101001
31194,100111101010010100001101010
31203,100111101010010100001101011
31366,100111101010010101011101000
31383,100111101010010101011101001
31415,100111101010010101011101010
31455,100111101010010101011101011
30780,1001111010010000100100000000
30781,1001111010010000100100000001
30860,1001111010010000100100000010
30876,1001111010010000100100000011
30840,1001111010010000100100000100
30841,1001111010010000100100000101
30961,1001111010010000101011010110
30973,1001111010010000101011010111
31117,1001111010100101000011010000
31118,1001111010100101000011010001
31221,1001111010100101000011010110
31227,1001111010100101000011010111
31311,1001111010100101010111010000
31312,1001111010100101010111010001
31458,1001111010100101010111010110
31502,1001111010100101010111010111
30790,10011110100100001001000000100
30791,10011110100100001001000000101
30771,10011110100100001001000001000
30772,10011110100100001001000001001
30896,10011110100100001010110101110
30897,10011110100100001010110101111
31102,10011110101001010000110100000
31103,10011110101001010000110100001
31310,10011110101001010101110100010
31330,10011110101001010101110100011
31509,10011110101001010101110101110
31558,10011110101001010101110101111
30792,100111101001000010010000001010
30823,100111101001000010010000001011
30732,100111101001000010010000010000
30733,100111101001000010010000010001
30842,100111101001000010101101011110
30843,100111101001000010101101011111
31079,100111101010010100001101000010
31080,100111101010010100001101000011
31323,100111101010010101011101000110
31347,100111101010010101011101000111
30826,1001111010010000100100000010110
30884,1001111010010000100100000010111
30836,1001111010010000101011010111100
30837,1001111010010000101011010111101
31063,1001111010100101000011010000110
31064,1001111010100101000011010000111
30817,10011110100100001001000000101100
30850,10011110100100001001000000101101
31019,10011110101001010000110100001110
31022,10011110101001010000110100001111
30800,100111101001000010010000001011000
30824,100111101001000010010000001011001
30990,100111101010010100001101000011100
30991,100111101010010100001101000011101
31081,100111101010010100001101000011110
31951,100111101010010100001101000011111
30958,1001111010100101000011010000111000
30959,1001111010100101000011010000111001
30944,1001111010100101000011010000111010
30945,1001111010100101000011010000111011
31023,1001111010100101000011010000111110
31111,1001111010100101000011010000111111
30956,10011110101001010000110100001110000
30974,10011110101001010000110100001110001
30891,10011110101001010000110100001110010
30892,10011110101001010000110100001110011
30911,10011110101001010000110100001110100
30912,10011110101001010000110100001110101
31020,10011110101001010000110100001111100
31039,10011110101001010000110100001111101
30954,100111101010010100001101000011100000
30980,100111101010010100001101000011100001
30895,100111101010010100001101000011101010
30901,100111101010010100001101000011101011
30976,100111101010010100001101000011111000
30998,100111101010010100001101000011111001
31057,100111101010010100001101000011111010
31095,100111101010010100001101000011111011
30951,1001111010100101000011010000111000000
30953,1001111010100101000011010000111000001
30987,1001111010100101000011010000111000010
30994,1001111010100101000011010000111000011
30865,1001111010100101000011010000111010100
30866,1001111010100101000011010000111010101
30948,1001111010100101000011010000111110000
30949,1001111010100101000011010000111110001
31097,1001111010100101000011010000111110110
31161,1001111010100101000011010000111110111
30889,10011110101001010000110100001110000000
30890,10011110101001010000110100001110000001
30921,10011110101001010000110100001110000010
30939,10011110101001010000110100001110000011
30858,10011110101001010000110100001110101000
30859,10011110101001010000110100001110101001
30853,10011110101001010000110100001110101010
30863,10011110101001010000110100001110101011
30915,10011110101001010000110100001111100010
30916,10011110101001010000110100001111100011
31092,10011110101001010000110100001111101100
31124,10011110101001010000110100001111101101
31170,10011110101001010000110100001111101110
31193,10011110101001010000110100001111101111
30938,100111101010010100001101000011100000110
30965,100111101010010100001101000011100000111
30838,100111101010010100001101000011101010100
30839,100111101010010100001101000011101010101
30902,100111101010010100001101000011111000110
30908,100111101010010100001101000011111000111
31125,100111101010010100001101000011111011010
31152,100111101010010100001101000011111011011
31169,100111101010010100001101000011111011100
31196,100111101010010100001101000011111011101
30818,1001111010100101000011010000111010101000
30819,1001111010100101000011010000111010101001
30820,1001111010100101000011010000111010101010
30854,1001111010100101000011010000111010101011
30882,1001111010100101000011010000111110001100
30913,1001111010100101000011010000111110001101
31105,1001111010100101000011010000111110110100
31106,1001111010100101000011010000111110110101
31157,1001111010100101000011010000111110110110
31164,1001111010100101000011010000111110110111
31195,1001111010100101000011010000111110111010
31200,1001111010100101000011010000111110111011
30757,10011110101001010000110100001110101010010
30758,10011110101001010000110100001110101010011
30803,10011110101001010000110100001110101010100
30825,10011110101001010000110100001110101010101
30877,10011110101001010000110100001111100011000
30878,10011110101001010000110100001111100011001
30917,10011110101001010000110100001111100011010
30977,10011110101001010000110100001111100011011
31088,10011110101001010000110100001111101101010
31089,10011110101001010000110100001111101101011
31158,10011110101001010000110100001111101101100
31177,10011110101001010000110100001111101101101
31163,10011110101001010000110100001111101101110
31206,10011110101001010000110100001111101101111
31214,10011110101001010000110100001111101110110
31217,10011110101001010000110100001111101110111
30751,100111101010010100001101000011101010100100
30765,100111101010010100001101000011101010100101
30699,100111101010010100001101000011101010100110
30700,100111101010010100001101000011101010100111
30798,100111101010010100001101000011101010101000
30804,100111101010010100001101000011101010101001
30833,100111101010010100001101000011111000110010
30834,100111101010010100001101000011111000110011
30922,100111101010010100001101000011111000110100
30978,100111101010010100001101000011111000110101
31224,100111101010010100001101000011111011011110
31260,100111101010010100001101000011111011011111
30693,1001111010100101000011010000111010101001000
30698,1001111010100101000011010000111010101001001
30764,1001111010100101000011010000111010101001010
30814,1001111010100101000011010000111010101001011
30667,1001111010100101000011010000111010101001100
30668,1001111010100101000011010000111010101001101
30766,1001111010100101000011010000111010101010000
30779,1001111010100101000011010000111010101010001
30805,1001111010100101000011010000111010101010010
30807,1001111010100101000011010000111010101010011
30811,1001111010100101000011010000111110001100110
30812,1001111010100101000011010000111110001100111
30918,1001111010100101000011010000111110001101000
30968,1001111010100101000011010000111110001101001
31223,1001111010100101000011010000111110110111100
31269,1001111010100101000011010000111110110111101
31261,1001111010100101000011010000111110110111110
31262,1001111010100101000011010000111110110111111
30643,10011110101001010000110100001110101010010000
30644,10011110101001010000110100001110101010010001
30697,10011110101001010000110100001110101010010010
30708,10011110101001010000110100001110101010010011
30810,10011110101001010000110100001110101010010110
30813,10011110101001010000110100001110101010010111
30610,10011110101001010000110100001110101010011010
30611,10011110101001010000110100001110101010011011
30759,10011110101001010000110100001110101010100000
30760,10011110101001010000110100001110101010100001
30808,10011110101001010000110100001111100011001110
30832,10011110101001010000110100001111100011001111
30966,10011110101001010000110100001111100011010010
31027,10011110101001010000110100001111100011010011
31285,10011110101001010000110100001111101101111110
31290,10011110101001010000110100001111101101111111
30592,100111101010010100001101000011101010100100000
30603,100111101010010100001101000011101010100100001
30596,100111101010010100001101000011101010100100010
30597,100111101010010100001101000011101010100100011
30707,100111101010010100001101000011101010100100110
30727,100111101010010100001101000011101010100100111
30580,100111101010010100001101000011101010100110110
30581,100111101010010100001101000011101010100110111
30754,100111101010010100001101000011101010101000010
30762,100111101010010100001101000011101010101000011
30801,100111101010010100001101000011111000110011100
30802,100111101010010100001101000011111000110011101
30919,100111101010010100001101000011111000110100100
30920,100111101010010100001101000011111000110100101
31286,100111101010010100001101000011111011011111100
31317,100111101010010100001101000011111011011111101
30587,1001111010100101000011010000111010101001000000
30588,1001111010100101000011010000111010101001000001
30492,1001111010100101000011010000111010101001000110
30494,1001111010100101000011010000111010101001000111
30726,1001111010100101000011010000111010101001001110
30793,1001111010100101000011010000111010101001001111
30546,1001111010100101000011010000111010101001101110
30547,1001111010100101000011010000111010101001101111
30728,1001111010100101000011010000111010101010000100
30734,1001111010100101000011010000111010101010000101
30799,1001111010100101000011010000111110001100111010
30815,1001111010100101000011010000111110001100111011
30909,1001111010100101000011010000111110001101001010
30929,1001111010100101000011010000111110001101001011
31318,1001111010100101000011010000111110110111111010
31348,1001111010100101000011010000111110110111111011
30572,10011110101001010000110100001110101010010000000
30577,10011110101001010000110100001110101010010000001
30485,10011110101001010000110100001110101010010001100
30486,10011110101001010000110100001110101010010001101
30541,10011110101001010000110100001110101010011011100
30543,10011110101001010000110100001110101010011011101
30500,10011110101001010000110100001110101010011011110
30501,10011110101001010000110100001110101010011011111
30720,10011110101001010000110100001110101010100001000
30721,10011110101001010000110100001110101010100001001
31388,10011110101001010000110100001111101101111110110
31393,10011110101001010000110100001111101101111110111
30565,100111101010010100001101000011101010100100000000
30566,100111101010010100001101000011101010100100000001
30472,100111101010010100001101000011101010100100011000
30473,100111101010010100001101000011101010100100011001
30507,100111101010010100001101000011101010100110111000
30508,100111101010010100001101000011101010100110111001
30461,100111101010010100001101000011101010100110111110
30462,100111101010010100001101000011101010100110111111
30687,100111101010010100001101000011101010101000010010
30691,100111101010010100001101000011101010101000010011
31389,100111101010010100001101000011111011011111101100
31440,100111101010010100001101000011111011011111101101
31404,100111101010010100001101000011111011011111101110
31413,100111101010010100001101000011111011011111101111
30548,1001111010100101000011010000111010101001000000000
30550,1001111010100101000011010000111010101001000000001
30453,1001111010100101000011010000111010101001000110000
30454,1001111010100101000011010000111010101001000110001
30415,1001111010100101000011010000111010101001101111100
30416,1001111010100101000011010000111010101001101111101
30395,1001111010100101000011010000111010101001101111110
30410,1001111010100101000011010000111010101001101111111
30682,1001111010100101000011010000111010101010000100100
30683,1001111010100101000011010000111010101010000100101
31371,1001111010100101000011010000111110110111111011000
31373,1001111010100101000011010000111110110111111011001
31446,1001111010100101000011010000111110110111111011010
31475,1001111010100101000011010000111110110111111011011
31416,1001111010100101000011010000111110110111111011110
31425,1001111010100101000011010000111110110111111011111
30517,10011110101001010000110100001110101010010000000000
30520,10011110101001010000110100001110101010010000000001
30448,10011110101001010000110100001110101010010001100000
30452,10011110101001010000110100001110101010010001100001
30375,10011110101001010000110100001110101010011011111010
30376,10011110101001010000110100001110101010011011111011
30368,10011110101001010000110100001110101010011011111100
30369,10011110101001010000110100001110101010011011111101
30560,10011110101001010000110100001110101010100001001000
30561,10011110101001010000110100001110101010100001001001
31306,10011110101001010000110100001111101101111110110000
31307,10011110101001010000110100001111101101111110110001
31364,10011110101001010000110100001111101101111110110010
31392,10011110101001010000110100001111101101111110110011
31447,10011110101001010000110100001111101101111110110100
31467,10011110101001010000110100001111101101111110110101
31484,10011110101001010000110100001111101101111110110110
31515,10011110101001010000110100001111101101111110110111
31432,10011110101001010000110100001111101101111110111110
31453,10011110101001010000110100001111101101111110111111
30519,100111101010010100001101000011101010100100000000010
30544,100111101010010100001101000011101010100100000000011
30351,100111101010010100001101000011101010100110111111010
30352,100111101010010100001101000011101010100110111111011
30556,100111101010010100001101000011101010101000010010010
30598,100111101010010100001101000011101010101000010010011
31303,100111101010010100001101000011111011011111101100010
31304,100111101010010100001101000011111011011111101100011
31468,100111101010010100001101000011111011011111101101010
31490,100111101010010100001101000011111011011111101101011
31472,100111101010010100001101000011111011011111101111110
31494,100111101010010100001101000011111011011111101111111
30506,1001111010100101000011010000111010101001000000000100
30536,1001111010100101000011010000111010101001000000000101
30510,1001111010100101000011010000111010101010000100100100
30511,1001111010100101000011010000111010101010000100100101
30599,1001111010100101000011010000111010101010000100100110
30630,1001111010100101000011010000111010101010000100100111
31282,1001111010100101000011010000111110110111111011000110
31297,1001111010100101000011010000111110110111111011000111
31491,1001111010100101000011010000111110110111111011010110
31518,1001111010100101000011010000111110110111111011010111
31471,1001111010100101000011010000111110110111111011111100
31504,1001111010100101000011010000111110110111111011111101
31495,1001111010100101000011010000111110110111111011111110
31521,1001111010100101000011010000111110110111111011111111
30593,10011110101001010000110100001110101010100001001001100
30600,10011110101001010000110100001110101010100001001001101
30656,10011110101001010000110100001110101010100001001001110
30709,10011110101001010000110100001110101010100001001001111
31277,10011110101001010000110100001111101101111110110001100
31278,10011110101001010000110100001111101101111110110001101
31524,10011110101001010000110100001111101101111110110101110
31537,10011110101001010000110100001111101101111110110101111
31503,10011110101001010000110100001111101101111110111111010
31520,10011110101001010000110100001111101101111110111111011
30562,100111101010010100001101000011101010101000010010011010
30563,100111101010010100001101000011101010101000010010011011
31270,100111101010010100001101000011111011011111101100011010
31276,100111101010010100001101000011111011011111101100011011
31526,100111101010010100001101000011111011011111101101011100
31533,100111101010010100001101000011111011011111101101011101
31519,100111101010010100001101000011111011011111101111110110
31536,100111101010010100001101000011111011011111101111110111
30564,1001111010100101000011010000111010101010000100100110110
30589,1001111010100101000011010000111010101010000100100110111
31527,1001111010100101000011010000111110110111111011010111000
31530,1001111010100101000011010000111110110111111011010111001
31552,1001111010100101000011010000111110110111111011010111010
31554,1001111010100101000011010000111110110111111011010111011
31541,1001111010100101000011010000111110110111111011111101110
31562,1001111010100101000011010000111110110111111011111101111
30601,10011110101001010000110100001110101010100001001001101110
30618,10011110101001010000110100001110101010100001001001101111
31514,10011110101001010000110100001111101101111110110101110000
31525,10011110101001010000110100001111101101111110110101110001
31563,10011110101001010000110100001111101101111110110101110110
31568,10011110101001010000110100001111101101111110110101110111
30602,100111101010010100001101000011101010101000010010011011100
30620,100111101010010100001101000011101010101000010010011011101
30631,100111101010010100001101000011101010101000010010011011110
30669,100111101010010100001101000011101010101000010010011011111
31505,100111101010010100001101000011111011011111101101011100000
31506,100111101010010100001101000011111011011111101101011100001
31575,100111101010010100001101000011111011011111101101011101110
31583,100111101010010100001101000011111011011111101101011101111
30582,1001111010100101000011010000111010101010000100100110111000
30583,1001111010100101000011010000111010101010000100100110111001
31500,1001111010100101000011010000111110110111111011010111000010
31516,1001111010100101000011010000111110110111111011010111000011
30524,10011110101001010000110100001110101010100001001001101110000
30525,10011110101001010000110100001110101010100001001001101110001
30584,10011110101001010000110100001110101010100001001001101110010
30612,10011110101001010000110100001110101010100001001001101110011
31489,10011110101001010000110100001111101101111110110101110000100
31497,10011110101001010000110100001111101101111110110101110000101
30478,100111101010010100001101000011101010101000010010011011100010
30479,100111101010010100001101000011101010101000010010011011100011
30616,100111101010010100001101000011101010101000010010011011100110
30657,100111101010010100001101000011101010101000010010011011100111
31473,100111101010010100001101000011111011011111101101011100001000
31474,100111101010010100001101000011111011011111101101011100001001
30426,1001111010100101000011010000111010101010000100100110111000100
30427,1001111010100101000011010000111010101010000100100110111000101
30460,1001111010100101000011010000111010101010000100100110111000110
30484,1001111010100101000011010000111010101010000100100110111000111
30613,1001111010100101000011010000111010101010000100100110111001100
30658,1001111010100101000011010000111010101010000100100110111001101
30677,1001111010100101000011010000111010101010000100100110111001110
30712,1001111010100101000011010000111010101010000100100110111001111
31451,1001111010100101000011010000111110110111111011010111000010010
31464,1001111010100101000011010000111110110111111011010111000010011
30389,10011110101001010000110100001110101010100001001001101110001010
30390,10011110101001010000110100001110101010100001001001101110001011
30455,10011110101001010000110100001110101010100001001001101110001100
30456,10011110101001010000110100001110101010100001001001101110001101
30585,10011110101001010000110100001110101010100001001001101110011000
30590,10011110101001010000110100001110101010100001001001101110011001
30684,10011110101001010000110100001110101010100001001001101110011100
30724,10011110101001010000110100001110101010100001001001101110011101
31434,10011110101001010000110100001111101101111110110101110000100100
31435,10011110101001010000110100001111101101111110110101110000100101
31465,10011110101001010000110100001111101101111110110101110000100110
31478,10011110101001010000110100001111101101111110110101110000100111
30385,100111101010010100001101000011101010101000010010011011100010100
30401,100111101010010100001101000011101010101000010010011011100010101
30366,100111101010010100001101000011101010101000010010011011100010110
30367,100111101010010100001101000011101010101000010010011011100010111
30446,100111101010010100001101000011101010101000010010011011100011000
30447,100111101010010100001101000011101010101000010010011011100011001
30591,100111101010010100001101000011101010101000010010011011100110010
30622,100111101010010100001101000011101010101000010010011011100110011
30715,100111101010010100001101000011101010101000010010011011100111000
30745,100111101010010100001101000011101010101000010010011011100111001
30349,1001111010100101000011010000111010101010000100100110111000101000
30350,1001111010100101000011010000111010101010000100100110111000101001
30310,1001111010100101000011010000111010101010000100100110111000101100
30315,1001111010100101000011010000111010101010000100100110111000101101
30537,1001111010100101000011010000111010101010000100100110111001100100
30538,1001111010100101000011010000111010101010000100100110111001100101
30652,1001111010100101000011010000111010101010000100100110111001100110
30659,1001111010100101000011010000111010101010000100100110111001100111
30321,10011110101001010000110100001110101010100001001001101110001010000
30322,10011110101001010000110100001110101010100001001001101110001010001
30346,10011110101001010000110100001110101010100001001001101110001010010
30365,10011110101001010000110100001110101010100001001001101110001010011
30294,10011110101001010000110100001110101010100001001001101110001011000
30295,10011110101001010000110100001110101010100001001001101110001011001
30496,10011110101001010000110100001110101010100001001001101110011001000
30497,10011110101001010000110100001110101010100001001001101110011001001
30512,10011110101001010000110100001110101010100001001001101110011001010
30521,10011110101001010000110100001110101010100001001001101110011001011
30653,10011110101001010000110100001110101010100001001001101110011001100
30670,10011110101001010000110100001110101010100001001001101110011001101
30308,100111101010010100001101000011101010101000010010011011100010100010
30309,100111101010010100001101000011101010101000010010011011100010100011
30298,100111101010010100001101000011101010101000010010011011100010100100
30299,100111101010010100001101000011101010101000010010011011100010100101
30259,100111101010010100001101000011101010101000010010011011100010110010
30260,100111101010010100001101000011101010101000010010011011100010110011
30509,100111101010010100001101000011101010101000010010011011100110010100
30636,100111101010010100001101000011101010101000010010011011100110010101
30675,100111101010010100001101000011101010101000010010011011100110011010
30725,100111101010010100001101000011101010101000010010011011100110011011
30275,1001111010100101000011010000111010101010000100100110111000101001010
30276,1001111010100101000011010000111010101010000100100110111000101001011
30256,1001111010100101000011010000111010101010000100100110111000101100100
30257,1001111010100101000011010000111010101010000100100110111000101100101
30463,1001111010100101000011010000111010101010000100100110111001100101000
30464,1001111010100101000011010000111010101010000100100110111001100101001
30686,1001111010100101000011010000111010101010000100100110111001100110100
30706,1001111010100101000011010000111010101010000100100110111001100110101
30444,10011110101001010000110100001110101010100001001001101110011001010000
30449,10011110101001010000110100001110101010100001001001101110011001010001
30428,10011110101001010000110100001110101010100001001001101110011001010010
30465,10011110101001010000110100001110101010100001001001101110011001010011
30701,10011110101001010000110100001110101010100001001001101110011001101000
30769,10011110101001010000110100001110101010100001001001101110011001101001
30421,100111101010010100001101000011101010101000010010011011100110010100100
30422,100111101010010100001101000011101010101000010010011011100110010100101
30474,100111101010010100001101000011101010101000010010011011100110010100110
30490,100111101010010100001101000011101010101000010010011011100110010100111
30702,100111101010010100001101000011101010101000010010011011100110011010000
30750,100111101010010100001101000011101010101000010010011011100110011010001
30363,1001111010100101000011010000111010101010000100100110111001100101001000
30364,1001111010100101000011010000111010101010000100100110111001100101001001
30405,1001111010100101000011010000111010101010000100100110111001100101001010
30406,1001111010100101000011010000111010101010000100100110111001100101001011
30480,1001111010100101000011010000111010101010000100100110111001100101001100
30518,1001111010100101000011010000111010101010000100100110111001100101001101
30752,1001111010100101000011010000111010101010000100100110111001100110100010
30773,1001111010100101000011010000111010101010000100100110111001100110100011
30357,10011110101001010000110100001110101010100001001001101110011001010010000
30358,10011110101001010000110100001110101010100001001001101110011001010010001
30377,10011110101001010000110100001110101010100001001001101110011001010010110
30378,10011110101001010000110100001110101010100001001001101110011001010010111
30481,10011110101001010000110100001110101010100001001001101110011001010011000
30499,10011110101001010000110100001110101010100001001001101110011001010011001
30775,10011110101001010000110100001110101010100001001001101110011001101000110
30797,10011110101001010000110100001110101010100001001001101110011001101000111
30353,100111101010010100001101000011101010101000010010011011100110010100100000
30355,100111101010010100001101000011101010101000010010011011100110010100100001
30372,100111101010010100001101000011101010101000010010011011100110010100101110
30379,100111101010010100001101000011101010101000010010011011100110010100101111
30470,100111101010010100001101000011101010101000010010011011100110010100110000
30475,100111101010010100001101000011101010101000010010011011100110010100110001
30549,100111101010010100001101000011101010101000010010011011100110010100110010
30552,100111101010010100001101000011101010101000010010011011100110010100110011
30821,100111101010010100001101000011101010101000010010011011100110011010001110
30822,100111101010010100001101000011101010101000010010011011100110011010001111
30241,1001111010100101000011010000111010101010000100100110111001100101001000000
30242,1001111010100101000011010000111010101010000100100110111001100101001000001
30342,1001111010100101000011010000111010101010000100100110111001100101001011100
30347,1001111010100101000011010000111010101010000100100110111001100101001011101
30476,1001111010100101000011010000111010101010000100100110111001100101001100010
30522,1001111010100101000011010000111010101010000100100110111001100101001100011
30827,1001111010100101000011010000111010101010000100100110111001100110100011110
30835,1001111010100101000011010000111010101010000100100110111001100110100011111
30333,10011110101001010000110100001110101010100001001001101110011001010010111000
31949,10011110101001010000110100001110101010100001001001101110011001010010111001
30469,10011110101001010000110100001110101010100001001001101110011001010011000100
30491,10011110101001010000110100001110101010100001001001101110011001010011000101
30828,10011110101001010000110100001110101010100001001001101110011001101000111100
30861,10011110101001010000110100001110101010100001001001101110011001101000111101
30844,10011110101001010000110100001110101010100001001001101110011001101000111110
30900,10011110101001010000110100001110101010100001001001101110011001101000111111
30329,100111101010010100001101000011101010101000010010011011100110010100101110010
30330,100111101010010100001101000011101010101000010010011011100110010100101110011
30441,100111101010010100001101000011101010101000010010011011100110010100110001000
30442,100111101010010100001101000011101010101000010010011011100110010100110001001
30502,100111101010010100001101000011101010101000010010011011100110010100110001010
30503,100111101010010100001101000011101010101000010010011011100110010100110001011
30809,100111101010010100001101000011101010101000010010011011100110011010001111000
30856,100111101010010100001101000011101010101000010010011011100110011010001111001
30899,100111101010010100001101000011101010101000010010011011100110011010001111110
30936,100111101010010100001101000011101010101000010010011011100110011010001111111
30324,1001111010100101000011010000111010101010000100100110111001100101001011100100
30325,1001111010100101000011010000111010101010000100100110111001100101001011100101
30433,1001111010100101000011010000111010101010000100100110111001100101001100010010
30434,1001111010100101000011010000111010101010000100100110111001100101001100010011
30504,1001111010100101000011010000111010101010000100100110111001100101001100010110
30513,1001111010100101000011010000111010101010000100100110111001100101001100010111
30794,1001111010100101000011010000111010101010000100100110111001100110100011110000
30795,1001111010100101000011010000111010101010000100100110111001100110100011110001
30857,1001111010100101000011010000111010101010000100100110111001100110100011110010
30923,1001111010100101000011010000111010101010000100100110111001100110100011110011
30955,1001111010100101000011010000111010101010000100100110111001100110100011111110
30970,1001111010100101000011010000111010101010000100100110111001100110100011111111
30300,10011110101001010000110100001110101010100001001001101110011001010010111001010
30301,10011110101001010000110100001110101010100001001001101110011001010010111001011
30488,10011110101001010000110100001110101010100001001001101110011001010011000101100
30493,10011110101001010000110100001110101010100001001001101110011001010011000101101
30526,10011110101001010000110100001110101010100001001001101110011001010011000101110
30567,10011110101001010000110100001110101010100001001001101110011001010011000101111
30924,10011110101001010000110100001110101010100001001001101110011001101000111100110
30942,10011110101001010000110100001110101010100001001001101110011001101000111100111
30957,10011110101001010000110100001110101010100001001001101110011001101000111111100
30995,10011110101001010000110100001110101010100001001001101110011001101000111111101
30969,10011110101001010000110100001110101010100001001001101110011001101000111111110
30981,10011110101001010000110100001110101010100001001001101110011001101000111111111
30269,100111101010010100001101000011101010101000010010011011100110010100101110010100
30270,100111101010010100001101000011101010101000010010011011100110010100101110010101
30482,100111101010010100001101000011101010101000010010011011100110010100110001011000
30483,100111101010010100001101000011101010101000010010011011100110010100110001011001
30576,100111101010010100001101000011101010101000010010011011100110010100110001011110
30604,100111101010010100001101000011101010101000010010011011100110010100110001011111
30960,100111101010010100001101000011101010101000010010011011100110011010001111001110
30967,100111101010010100001101000011101010101000010010011011100110011010001111001111
30996,100111101010010100001101000011101010101000010010011011100110011010001111111010
31009,100111101010010100001101000011101010101000010010011011100110011010001111111011
30986,100111101010010100001101000011101010101000010010011011100110011010001111111110
31051,100111101010010100001101000011101010101000010010011011100110011010001111111111
30258,1001111010100101000011010000111010101010000100100110111001100101001011100101000
30265,1001111010100101000011010000111010101010000100100110111001100101001011100101001
30231,1001111010100101000011010000111010101010000100100110111001100101001011100101010
30232,1001111010100101000011010000111010101010000100100110111001100101001011100101011
30573,1001111010100101000011010000111010101010000100100110111001100101001100010111100
30605,1001111010100101000011010000111010101010000100100110111001100101001100010111101
30606,1001111010100101000011010000111010101010000100100110111001100101001100010111110
30615,1001111010100101000011010000111010101010000100100110111001100101001100010111111
31015,1001111010100101000011010000111010101010000100100110111001100110100011111110110
31041,1001111010100101000011010000111010101010000100100110111001100110100011111110111
30985,1001111010100101000011010000111010101010000100100110111001100110100011111111100
31006,1001111010100101000011010000111010101010000100100110111001100110100011111111101
30238,10011110101001010000110100001110101010100001001001101110011001010010111001010010
30239,10011110101001010000110100001110101010100001001001101110011001010010111001010011
30191,10011110101001010000110100001110101010100001001001101110011001010010111001010100
30192,10011110101001010000110100001110101010100001001001101110011001010010111001010101
30223,10011110101001010000110100001110101010100001001001101110011001010010111001010110
30224,10011110101001010000110100001110101010100001001001101110011001010010111001010111
30553,10011110101001010000110100001110101010100001001001101110011001010011000101111000
30554,10011110101001010000110100001110101010100001001001101110011001010011000101111001
30614,10011110101001010000110100001110101010100001001001101110011001010011000101111110
30621,10011110101001010000110100001110101010100001001001101110011001010011000101111111
31055,10011110101001010000110100001110101010100001001001101110011001101000111111101110
31078,10011110101001010000110100001110101010100001001001101110011001101000111111101111
31044,10011110101001010000110100001110101010100001001001101110011001101000111111111010
31065,10011110101001010000110100001110101010100001001001101110011001101000111111111011
30184,100111101010010100001101000011101010101000010010011011100110010100101110010101000
30185,100111101010010100001101000011101010101000010010011011100110010100101110010101001
30214,100111101010010100001101000011101010101000010010011011100110010100101110010101110
30217,100111101010010100001101000011101010101000010010011011100110010100101110010101111
30532,100111101010010100001101000011101010101000010010011011100110010100110001011110010
30557,100111101010010100001101000011101010101000010010011011100110010100110001011110011
30623,100111101010010100001101000011101010101000010010011011100110010100110001011111110
30655,100111101010010100001101000011101010101000010010011011100110010100110001011111111
31058,100111101010010100001101000011101010101000010010011011100110011010001111111011100
31149,100111101010010100001101000011101010101000010010011011100110011010001111111011101
31087,100111101010010100001101000011101010101000010010011011100110011010001111111110110
31140,100111101010010100001101000011101010101000010010011011100110011010001111111110111
30218,1001111010100101000011010000111010101010000100100110111001100101001011100101011110
30233,1001111010100101000011010000111010101010000100100110111001100101001011100101011111
30654,1001111010100101000011010000111010101010000100100110111001100101001100010111111110
30678,1001111010100101000011010000111010101010000100100110111001100101001100010111111111
31091,1001111010100101000011010000111010101010000100100110111001100110100011111111101100
31113,1001111010100101000011010000111010101010000100100110111001100110100011111111101101
31162,1001111010100101000011010000111010101010000100100110111001100110100011111111101110
31209,1001111010100101000011010000111010101010000100100110111001100110100011111111101111
30229,10011110101001010000110100001110101010100001001001101110011001010010111001010111110
30243,10011110101001010000110100001110101010100001001001101110011001010010111001010111111
30694,10011110101001010000110100001110101010100001001001101110011001010011000101111111110
30723,10011110101001010000110100001110101010100001001001101110011001010011000101111111111
31165,10011110101001010000110100001110101010100001001001101110011001101000111111111011010
31167,10011110101001010000110100001110101010100001001001101110011001101000111111111011011
30244,100111101010010100001101000011101010101000010010011011100110010100101110010101111110
30331,100111101010010100001101000011101010101000010010011011100110010100101110010101111111
30710,100111101010010100001101000011101010101000010010011011100110010100110001011111111100
30743,100111101010010100001101000011101010101000010010011011100110010100110001011111111101
30722,100111101010010100001101000011101010101000010010011011100110010100110001011111111110
30736,100111101010010100001101000011101010101000010010011011100110010100110001011111111111
31178,100111101010010100001101000011101010101000010010011011100110011010001111111110110100
31184,100111101010010100001101000011101010101000010010011011100110011010001111111110110101
31168,100111101010010100001101000011101010101000010010011011100110011010001111111110110110
31222,100111101010010100001101000011101010101000010010011011100110011010001111111110110111
30236,1001111010100101000011010000111010101010000100100110111001100101001011100101011111100
30282,1001111010100101000011010000111010101010000100100110111001100101001011100101011111101
30334,1001111010100101000011010000111010101010000100100110111001100101001011100101011111110
30380,1001111010100101000011010000111010101010000100100110111001100101001011100101011111111
30711,1001111010100101000011010000111010101010000100100110111001100101001100010111111111000
30737,1001111010100101000011010000111010101010000100100110111001100101001100010111111111001
30703,1001111010100101000011010000111010101010000100100110111001100101001100010111111111100
30704,1001111010100101000011010000111010101010000100100110111001100101001100010111111111101
30735,1001111010100101000011010000111010101010000100100110111001100101001100010111111111110
30749,1001111010100101000011010000111010101010000100100110111001100101001100010111111111111
30283,10011110101001010000110100001110101010100001001001101110011001010010111001010111111010
30292,10011110101001010000110100001110101010100001001001101110011001010010111001010111111011
30744,10011110101001010000110100001110101010100001001001101110011001010011000101111111110010
30761,10011110101001010000110100001110101010100001001001101110011001010011000101111111110011
30748,10011110101001010000110100001110101010100001001001101110011001010011000101111111111110
30778,10011110101001010000110100001110101010100001001001101110011001010011000101111111111111
30303,100111101010010100001101000011101010101000010010011011100110010100101110010101111110110
30319,100111101010010100001101000011101010101000010010011011100110010100101110010101111110111
30753,100111101010010100001101000011101010101000010010011011100110010100110001011111111100100
30768,100111101010010100001101000011101010101000010010011011100110010100110001011111111100101
30787,100111101010010100001101000011101010101000010010011011100110010100110001011111111111110
30816,100111101010010100001101000011101010101000010010011011100110010100110001011111111111111
30304,1001111010100101000011010000111010101010000100100110111001100101001011100101011111101100
30340,1001111010100101000011010000111010101010000100100110111001100101001011100101011111101101
30741,1001111010100101000011010000111010101010000100100110111001100101001100010111111111001000
30785,1001111010100101000011010000111010101010000100100110111001100101001100010111111111001001
30776,1001111010100101000011010000111010101010000100100110111001100101001100010111111111001010
30796,1001111010100101000011010000111010101010000100100110111001100101001100010111111111001011
30341,10011110101001010000110100001110101010100001001001101110011001010010111001010111111011010
30356,10011110101001010000110100001110101010100001001001101110011001010010111001010111111011011
30738,10011110101001010000110100001110101010100001001001101110011001010011000101111111110010000
30739,10011110101001010000110100001110101010100001001001101110011001010011000101111111110010001
30786,10011110101001010000110100001110101010100001001001101110011001010011000101111111110010010
30845,10011110101001010000110100001110101010100001001001101110011001010011000101111111110010011
30806,10011110101001010000110100001110101010100001001001101110011001010011000101111111110010110
30867,10011110101001010000110100001110101010100001001001101110011001010011000101111111110010111
30332,100111101010010100001101000011101010101000010010011011100110010100101110010101111110110100
30336,100111101010010100001101000011101010101000010010011011100110010100101110010101111110110101
30362,100111101010010100001101000011101010101000010010011011100110010100101110010101111110110110
30391,100111101010010100001101000011101010101000010010011011100110010100101110010101111110110111
30716,100111101010010100001101000011101010101000010010011011100110010100110001011111111100100010
30717,100111101010010100001101000011101010101000010010011011100110010100110001011111111100100011
30846,100111101010010100001101000011101010101000010010011011100110010100110001011111111100100110
30855,100111101010010100001101000011101010101000010010011011100110010100110001011111111100100111
30875,100111101010010100001101000011101010101000010010011011100110010100110001011111111100101110
30893,100111101010010100001101000011101010101000010010011011100110010100110001011111111100101111
30361,1001111010100101000011010000111010101010000100100110111001100101001011100101011111101101100
30373,1001111010100101000011010000111010101010000100100110111001100101001011100101011111101101101
30402,1001111010100101000011010000111010101010000100100110111001100101001011100101011111101101110
30432,1001111010100101000011010000111010101010000100100110111001100101001011100101011111101101111
30692,1001111010100101000011010000111010101010000100100110111001100101001100010111111111001000110
30705,1001111010100101000011010000111010101010000100100110111001100101001100010111111111001000111
30830,1001111010100101000011010000111010101010000100100110111001100101001100010111111111001001100
30831,1001111010100101000011010000111010101010000100100110111001100101001100010111111111001001101
30862,1001111010100101000011010000111010101010000100100110111001100101001100010111111111001001110
30873,1001111010100101000011010000111010101010000100100110111001100101001100010111111111001001111
30870,1001111010100101000011010000111010101010000100100110111001100101001100010111111111001011100
30872,1001111010100101000011010000111010101010000100100110111001100101001100010111111111001011101
30933,1001111010100101000011010000111010101010000100100110111001100101001100010111111111001011110
30984,1001111010100101000011010000111010101010000100100110111001100101001100010111111111001011111
30403,10011110101001010000110100001110101010100001001001101110011001010010111001010111111011011100
30438,10011110101001010000110100001110101010100001001001101110011001010010111001010111111011011101
30435,10011110101001010000110100001110101010100001001001101110011001010010111001010111111011011110
30443,10011110101001010000110100001110101010100001001001101110011001010010111001010111111011011111
30660,10011110101001010000110100001110101010100001001001101110011001010011000101111111110010001100
30661,10011110101001010000110100001110101010100001001001101110011001010011000101111111110010001101
30784,10011110101001010000110100001110101010100001001001101110011001010011000101111111110010011010
30788,10011110101001010000110100001110101010100001001001101110011001010011000101111111110010011011
30903,10011110101001010000110100001110101010100001001001101110011001010011000101111111110010011110
30906,10011110101001010000110100001110101010100001001001101110011001010011000101111111110010011111
30871,10011110101001010000110100001110101010100001001001101110011001010011000101111111110010111010
30888,10011110101001010000110100001110101010100001001001101110011001010011000101111111110010111011
30932,10011110101001010000110100001110101010100001001001101110011001010011000101111111110010111100
30988,10011110101001010000110100001110101010100001001001101110011001010011000101111111110010111101
30396,100111101010010100001101000011101010101000010010011011100110010100101110010101111110110111000
30397,100111101010010100001101000011101010101000010010011011100110010100101110010101111110110111001
30632,100111101010010100001101000011101010101000010010011011100110010100110001011111111100100011010
30633,100111101010010100001101000011101010101000010010011011100110010100110001011111111100100011011
30782,100111101010010100001101000011101010101000010010011011100110010100110001011111111100100110100
30783,100111101010010100001101000011101010101000010010011011100110010100110001011111111100100110101
30910,100111101010010100001101000011101010101000010010011011100110010100110001011111111100100111100
30934,100111101010010100001101000011101010101000010010011011100110010100110001011111111100100111101
30887,100111101010010100001101000011101010101000010010011011100110010100110001011111111100101110110
30931,100111101010010100001101000011101010101000010010011011100110010100110001011111111100101110111
31005,100111101010010100001101000011101010101000010010011011100110010100110001011111111100101111010
31014,100111101010010100001101000011101010101000010010011011100110010100110001011111111100101111011
30398,1001111010100101000011010000111010101010000100100110111001100101001011100101011111101101110010
30429,1001111010100101000011010000111010101010000100100110111001100101001011100101011111101101110011
30770,1001111010100101000011010000111010101010000100100110111001100101001100010111111111001001101010
30774,1001111010100101000011010000111010101010000100100110111001100101001100010111111111001001101011
30883,1001111010100101000011010000111010101010000100100110111001100101001100010111111111001001111000
30885,1001111010100101000011010000111010101010000100100110111001100101001100010111111111001001111001
30930,1001111010100101000011010000111010101010000100100110111001100101001100010111111111001011101110
30982,1001111010100101000011010000111010101010000100100110111001100101001100010111111111001011101111
31036,1001111010100101000011010000111010101010000100100110111001100101001100010111111111001011110100
31038,1001111010100101000011010000111010101010000100100110111001100101001100010111111111001011110101
30370,10011110101001010000110100001110101010100001001001101110011001010010111001010111111011011100100
30383,10011110101001010000110100001110101010100001001001101110011001010010111001010111111011011100101
30440,10011110101001010000110100001110101010100001001001101110011001010010111001010111111011011100110
30450,10011110101001010000110100001110101010100001001001101110011001010010111001010111111011011100111
30767,10011110101001010000110100001110101010100001001001101110011001010011000101111111110010011010110
30829,10011110101001010000110100001110101010100001001001101110011001010011000101111111110010011010111
30886,10011110101001010000110100001110101010100001001001101110011001010011000101111111110010011110010
30914,10011110101001010000110100001110101010100001001001101110011001010011000101111111110010011110011
31035,10011110101001010000110100001110101010100001001001101110011001010011000101111111110010111101000
31083,10011110101001010000110100001110101010100001001001101110011001010011000101111111110010111101001
31045,10011110101001010000110100001110101010100001001001101110011001010011000101111111110010111101010
31068,10011110101001010000110100001110101010100001001001101110011001010011000101111111110010111101011
30457,100111101010010100001101000011101010101000010010011011100110010100101110010101111110110111001110
30467,100111101010010100001101000011101010101000010010011011100110010100101110010101111110110111001111
30746,100111101010010100001101000011101010101000010010011011100110010100110001011111111100100110101100
30747,100111101010010100001101000011101010101000010010011011100110010100110001011111111100100110101101
30868,100111101010010100001101000011101010101000010010011011100110010100110001011111111100100111100100
30869,100111101010010100001101000011101010101000010010011011100110010100110001011111111100100111100101
30946,100111101010010100001101000011101010101000010010011011100110010100110001011111111100100111100110
30979,100111101010010100001101000011101010101000010010011011100110010100110001011111111100100111100111
31033,100111101010010100001101000011101010101000010010011011100110010100110001011111111100101111010000
31053,100111101010010100001101000011101010101000010010011011100110010100110001011111111100101111010001
30458,1001111010100101000011010000111010101010000100100110111001100101001011100101011111101101110011100
31950,1001111010100101000011010000111010101010000100100110111001100101001011100101011111101101110011101
30730,1001111010100101000011010000111010101010000100100110111001100101001100010111111111001001101011010
30731,1001111010100101000011010000111010101010000100100110111001100101001100010111111111001001101011011
30947,1001111010100101000011010000111010101010000100100110111001100101001100010111111111001001111001100
31002,1001111010100101000011010000111010101010000100100110111001100101001100010111111111001001111001101
30997,1001111010100101000011010000111010101010000100100110111001100101001100010111111111001001111001110
31013,1001111010100101000011010000111010101010000100100110111001100101001100010111111111001001111001111
31049,1001111010100101000011010000111010101010000100100110111001100101001100010111111111001011110100010
31060,1001111010100101000011010000111010101010000100100110111001100101001100010111111111001011110100011
30489,10011110101001010000110100001110101010100001001001101110011001010010111001010111111011011100111010
30714,10011110101001010000110100001110101010100001001001101110011001010011000101111111110010011010110100
30718,10011110101001010000110100001110101010100001001001101110011001010011000101111111110010011010110101
30935,10011110101001010000110100001110101010100001001001101110011001010011000101111111110010011110011000
30937,10011110101001010000110100001110101010100001001001101110011001010011000101111111110010011110011001
31011,10011110101001010000110100001110101010100001001001101110011001010011000101111111110010011110011100
31028,10011110101001010000110100001110101010100001001001101110011001010011000101111111110010011110011101
31021,10011110101001010000110100001110101010100001001001101110011001010011000101111111110010011110011110
31046,10011110101001010000110100001110101010100001001001101110011001010011000101111111110010011110011111
31062,10011110101001010000110100001110101010100001001001101110011001010011000101111111110010111101000110
31075,10011110101001010000110100001110101010100001001001101110011001010011000101111111110010111101000111
30495,100111101010010100001101000011101010101000010010011011100110010100101110010101111110110111001110100
30527,100111101010010100001101000011101010101000010010011011100110010100101110010101111110110111001110101
30689,100111101010010100001101000011101010101000010010011011100110010100110001011111111100100110101101000
30690,100111101010010100001101000011101010101000010010011011100110010100110001011111111100100110101101001
30925,100111101010010100001101000011101010101000010010011011100110010100110001011111111100100111100110010
30926,100111101010010100001101000011101010101000010010011011100110010100110001011111111100100111100110011
31010,100111101010010100001101000011101010101000010010011011100110010100110001011111111100100111100111000
31029,100111101010010100001101000011101010101000010010011011100110010100110001011111111100100111100111001
31030,100111101010010100001101000011101010101000010010011011100110010100110001011111111100100111100111100
31082,100111101010010100001101000011101010101000010010011011100110010100110001011111111100100111100111101
31061,100111101010010100001101000011101010101000010010011011100110010100110001011111111100101111010001100
31110,100111101010010100001101000011101010101000010010011011100110010100110001011111111100101111010001101
30607,1001111010100101000011010000111010101010000100100110111001100101001011100101011111101101110011101000
30608,1001111010100101000011010000111010101010000100100110111001100101001011100101011111101101110011101001
30634,1001111010100101000011010000111010101010000100100110111001100101001100010111111111001001101011010010
30635,1001111010100101000011010000111010101010000100100110111001100101001100010111111111001001101011010011
30927,1001111010100101000011010000111010101010000100100110111001100101001100010111111111001001111001100110
30950,1001111010100101000011010000111010101010000100100110111001100101001100010111111111001001111001100111
31054,1001111010100101000011010000111010101010000100100110111001100101001100010111111111001001111001110010
31070,1001111010100101000011010000111010101010000100100110111001100101001100010111111111001001111001110011
31031,1001111010100101000011010000111010101010000100100110111001100101001100010111111111001001111001111000
31034,1001111010100101000011010000111010101010000100100110111001100101001100010111111111001001111001111001
31059,1001111010100101000011010000111010101010000100100110111001100101001100010111111111001011110100011000
31098,1001111010100101000011010000111010101010000100100110111001100101001100010111111111001011110100011001
31126,1001111010100101000011010000111010101010000100100110111001100101001100010111111111001011110100011010
31182,1001111010100101000011010000111010101010000100100110111001100101001100010111111111001011110100011011
30617,10011110101001010000110100001110101010100001001001101110011001010010111001010111111011011100111010000
30624,10011110101001010000110100001110101010100001001001101110011001010010111001010111111011011100111010001
30879,10011110101001010000110100001110101010100001001001101110011001010011000101111111110010011110011001100
30880,10011110101001010000110100001110101010100001001001101110011001010011000101111111110010011110011001101
31069,10011110101001010000110100001110101010100001001001101110011001010011000101111111110010011110011100110
31107,10011110101001010000110100001110101010100001001001101110011001010011000101111111110010011110011100111
31047,10011110101001010000110100001110101010100001001001101110011001010011000101111111110010011110011110010
31099,10011110101001010000110100001110101010100001001001101110011001010011000101111111110010011110011110011
31037,10011110101001010000110100001110101010100001001001101110011001010011000101111111110010111101000110000
31052,10011110101001010000110100001110101010100001001001101110011001010011000101111111110010111101000110001
31104,10011110101001010000110100001110101010100001001001101110011001010011000101111111110010111101000110010
31120,10011110101001010000110100001110101010100001001001101110011001010011000101111111110010111101000110011
31127,10011110101001010000110100001110101010100001001001101110011001010011000101111111110010111101000110100
31132,10011110101001010000110100001110101010100001001001101110011001010011000101111111110010111101000110101
31050,100111101010010100001101000011101010101000010010011011100110010100110001011111111100100111100111001100
31056,100111101010010100001101000011101010101000010010011011100110010100110001011111111100100111100111001101
31121,100111101010010100001101000011101010101000010010011011100110010100110001011111111100100111100111001110
31146,100111101010010100001101000011101010101000010010011011100110010100110001011111111100100111100111001111
31048,100111101010010100001101000011101010101000010010011011100110010100110001011111111100100111100111100100
31090,100111101010010100001101000011101010101000010010011011100110010100110001011111111100100111100111100101
31131,100111101010010100001101000011101010101000010010011011100110010100110001011111111100101111010001100100
31207,100111101010010100001101000011101010101000010010011011100110010100110001011111111100101111010001100101
31119,100111101010010100001101000011101010101000010010011011100110010100110001011111111100101111010001100110
31137,100111101010010100001101000011101010101000010010011011100110010100110001011111111100101111010001100111
31142,1001111010100101000011010000111010101010000100100110111001100101001100010111111111001001111001110011100
31208,1001111010100101000011010000111010101010000100100110111001100101001100010111111111001001111001110011101
31145,1001111010100101000011010000111010101010000100100110111001100101001100010111111111001001111001110011110
31166,1001111010100101000011010000111010101010000100100110111001100101001100010111111111001001111001110011111
31040,1001111010100101000011010000111010101010000100100110111001100101001100010111111111001001111001111001000
31042,1001111010100101000011010000111010101010000100100110111001100101001100010111111111001001111001111001001
31101,1001111010100101000011010000111010101010000100100110111001100101001100010111111111001001111001111001010
31134,1001111010100101000011010000111010101010000100100110111001100101001100010111111111001001111001111001011
31204,1001111010100101000011010000111010101010000100100110111001100101001100010111111111001011110100011001010
31220,1001111010100101000011010000111010101010000100100110111001100101001100010111111111001011110100011001011
31143,10011110101001010000110100001110101010100001001001101110011001010011000101111111110010011110011100111000
31171,10011110101001010000110100001110101010100001001001101110011001010011000101111111110010011110011100111001
31176,10011110101001010000110100001110101010100001001001101110011001010011000101111111110010011110011100111110
31264,10011110101001010000110100001110101010100001001001101110011001010011000101111111110010011110011100111111
31043,10011110101001010000110100001110101010100001001001101110011001010011000101111111110010011110011110010010
31067,10011110101001010000110100001110101010100001001001101110011001010011000101111111110010011110011110010011
31144,10011110101001010000110100001110101010100001001001101110011001010011000101111111110010011110011110010110
31147,10011110101001010000110100001110101010100001001001101110011001010011000101111111110010011110011110010111
31225,10011110101001010000110100001110101010100001001001101110011001010011000101111111110010111101000110010110
31239,10011110101001010000110100001110101010100001001001101110011001010011000101111111110010111101000110010111
31172,100111101010010100001101000011101010101000010010011011100110010100110001011111111100100111100111001110010
31199,100111101010010100001101000011101010101000010010011011100110010100110001011111111100100111100111001110011
31175,100111101010010100001101000011101010101000010010011011100110010100110001011111111100100111100111001111100
31198,100111101010010100001101000011101010101000010010011011100110010100110001011111111100100111100111001111101
31263,100111101010010100001101000011101010101000010010011011100110010100110001011111111100100111100111001111110
31319,100111101010010100001101000011101010101000010010011011100110010100110001011111111100100111100111001111111
31153,100111101010010100001101000011101010101000010010011011100110010100110001011111111100100111100111100101110
31173,100111101010010100001101000011101010101000010010011011100110010100110001011111111100100111100111100101111
31211,1001111010100101000011010000111010101010000100100110111001100101001100010111111111001001111001110011100110
31250,1001111010100101000011010000111010101010000100100110111001100101001100010111111111001001111001110011100111
31197,1001111010100101000011010000111010101010000100100110111001100101001100010111111111001001111001110011111010
31230,1001111010100101000011010000111010101010000100100110111001100101001100010111111111001001111001110011111011
31325,1001111010100101000011010000111010101010000100100110111001100101001100010111111111001001111001110011111110
31343,1001111010100101000011010000111010101010000100100110111001100101001100010111111111001001111001110011111111
31154,1001111010100101000011010000111010101010000100100110111001100101001100010111111111001001111001111001011100
31187,1001111010100101000011010000111010101010000100100110111001100101001100010111111111001001111001111001011101
31205,10011110101001010000110100001110101010100001001001101110011001010011000101111111110010011110011100111001100
31242,10011110101001010000110100001110101010100001001001101110011001010011000101111111110010011110011100111001101
31256,10011110101001010000110100001110101010100001001001101110011001010011000101111111110010011110011100111001110
31257,10011110101001010000110100001110101010100001001001101110011001010011000101111111110010011110011100111001111
31229,10011110101001010000110100001110101010100001001001101110011001010011000101111111110010011110011100111110110
31241,10011110101001010000110100001110101010100001001001101110011001010011000101111111110010011110011100111110111
31324,10011110101001010000110100001110101010100001001001101110011001010011000101111111110010011110011100111111100
31338,10011110101001010000110100001110101010100001001001101110011001010011000101111111110010011110011100111111101
31352,10011110101001010000110100001110101010100001001001101110011001010011000101111111110010011110011100111111110
31398,10011110101001010000110100001110101010100001001001101110011001010011000101111111110010011110011100111111111
31155,10011110101001010000110100001110101010100001001001101110011001010011000101111111110010011110011110010111000
31190,10011110101001010000110100001110101010100001001001101110011001010011000101111111110010011110011110010111001
31189,10011110101001010000110100001110101010100001001001101110011001010011000101111111110010011110011110010111010
31201,10011110101001010000110100001110101010100001001001101110011001010011000101111111110010011110011110010111011
31202,100111101010010100001101000011101010101000010010011011100110010100110001011111111100100111100111001110011000
31218,100111101010010100001101000011101010101000010010011011100110010100110001011111111100100111100111001110011001
31240,100111101010010100001101000011101010101000010010011011100110010100110001011111111100100111100111001111101110
31271,100111101010010100001101000011101010101000010010011011100110010100110001011111111100100111100111001111101111
31349,100111101010010100001101000011101010101000010010011011100110010100110001011111111100100111100111001111111100
31370,100111101010010100001101000011101010101000010010011011100110010100110001011111111100100111100111001111111101
31403,100111101010010100001101000011101010101000010010011011100110010100110001011111111100100111100111001111111110
31421,100111101010010100001101000011101010101000010010011011100110010100110001011111111100100111100111001111111111
31191,100111101010010100001101000011101010101000010010011011100110010100110001011111111100100111100111100101110010
31210,100111101010010100001101000011101010101000010010011011100110010100110001011111111100100111100111100101110011
31233,1001111010100101000011010000111010101010000100100110111001100101001100010111111111001001111001110011100110010
31266,1001111010100101000011010000111010101010000100100110111001100101001100010111111111001001111001110011100110011
31215,1001111010100101000011010000111010101010000100100110111001100101001100010111111111001001111001110011111011100
31216,1001111010100101000011010000111010101010000100100110111001100101001100010111111111001001111001110011111011101
31272,1001111010100101000011010000111010101010000100100110111001100101001100010111111111001001111001110011111011110
31281,1001111010100101000011010000111010101010000100100110111001100101001100010111111111001001111001110011111011111
31377,1001111010100101000011010000111010101010000100100110111001100101001100010111111111001001111001110011111111010
31379,1001111010100101000011010000111010101010000100100110111001100101001100010111111111001001111001110011111111011
31438,1001111010100101000011010000111010101010000100100110111001100101001100010111111111001001111001110011111111110
31460,1001111010100101000011010000111010101010000100100110111001100101001100010111111111001001111001110011111111111
31212,1001111010100101000011010000111010101010000100100110111001100101001100010111111111001001111001111001011100110
31243,1001111010100101000011010000111010101010000100100110111001100101001100010111111111001001111001111001011100111
31267,10011110101001010000110100001110101010100001001001101110011001010011000101111111110010011110011100111001100110
31284,10011110101001010000110100001110101010100001001001101110011001010011000101111111110010011110011100111001100111
31341,10011110101001010000110100001110101010100001001001101110011001010011000101111111110010011110011100111110111110
31350,10011110101001010000110100001110101010100001001001101110011001010011000101111111110010011110011100111110111111
31378,10011110101001010000110100001110101010100001001001101110011001010011000101111111110010011110011100111111110100
31406,10011110101001010000110100001110101010100001001001101110011001010011000101111111110010011110011100111111110101
31444,10011110101001010000110100001110101010100001001001101110011001010011000101111111110010011110011100111111111100
31469,10011110101001010000110100001110101010100001001001101110011001010011000101111111110010011110011100111111111101
31213,10011110101001010000110100001110101010100001001001101110011001010011000101111111110010011110011110010111001100
31247,10011110101001010000110100001110101010100001001001101110011001010011000101111111110010011110011110010111001101
31337,100111101010010100001101000011101010101000010010011011100110010100110001011111111100100111100111001111101111100
31385,100111101010010100001101000011101010101000010010011011100110010100110001011111111100100111100111001111101111101
31351,100111101010010100001101000011101010101000010010011011100110010100110001011111111100100111100111001111101111110
31367,100111101010010100001101000011101010101000010010011011100110010100110001011111111100100111100111001111101111111
31331,100111101010010100001101000011101010101000010010011011100110010100110001011111111100100111100111001111111101000
31332,100111101010010100001101000011101010101000010010011011100110010100110001011111111100100111100111001111111101001
31411,100111101010010100001101000011101010101000010010011011100110010100110001011111111100100111100111001111111101010
31419,100111101010010100001101000011101010101000010010011011100110010100110001011111111100100111100111001111111101011
31314,1001111010100101000011010000111010101010000100100110111001100101001100010111111111001001111001110011111011111000
31315,1001111010100101000011010000111010101010000100100110111001100101001100010111111111001001111001110011111011111001
31384,1001111010100101000011010000111010101010000100100110111001100101001100010111111111001001111001110011111011111010
31410,1001111010100101000011010000111010101010000100100110111001100101001100010111111111001001111001110011111011111011
31369,1001111010100101000011010000111010101010000100100110111001100101001100010111111111001001111001110011111011111110
31372,1001111010100101000011010000111010101010000100100110111001100101001100010111111111001001111001110011111011111111
31399,1001111010100101000011010000111010101010000100100110111001100101001100010111111111001001111001110011111111010100
31400,1001111010100101000011010000111010101010000100100110111001100101001100010111111111001001111001110011111111010101
31429,1001111010100101000011010000111010101010000100100110111001100101001100010111111111001001111001110011111111010110
31441,1001111010100101000011010000111010101010000100100110111001100101001100010111111111001001111001110011111111010111
31299,10011110101001010000110100001110101010100001001001101110011001010011000101111111110010011110011100111110111110000
31300,10011110101001010000110100001110101010100001001001101110011001010011000101111111110010011110011100111110111110001
31402,10011110101001010000110100001110101010100001001001101110011001010011000101111111110010011110011100111110111111110
31511,10011110101001010000110100001110101010100001001001101110011001010011000101111111110010011110011100111110111111111
31396,10011110101001010000110100001110101010100001001001101110011001010011000101111111110010011110011100111111110101010
31405,10011110101001010000110100001110101010100001001001101110011001010011000101111111110010011110011100111111110101011
31476,10011110101001010000110100001110101010100001001001101110011001010011000101111111110010011110011100111111110101110
31479,10011110101001010000110100001110101010100001001001101110011001010011000101111111110010011110011100111111110101111
31298,100111101010010100001101000011101010101000010010011011100110010100110001011111111100100111100111001111101111100000
31365,100111101010010100001101000011101010101000010010011011100110010100110001011111111100100111100111001111101111100001
31422,100111101010010100001101000011101010101000010010011011100110010100110001011111111100100111100111001111101111111100
31454,100111101010010100001101000011101010101000010010011011100110010100110001011111111100100111100111001111101111111101
31510,100111101010010100001101000011101010101000010010011011100110010100110001011111111100100111100111001111101111111110
31555,100111101010010100001101000011101010101000010010011011100110010100110001011111111100100111100111001111101111111111
31362,100111101010010100001101000011101010101000010010011011100110010100110001011111111100100111100111001111111101010100
31363,100111101010010100001101000011101010101000010010011011100110010100110001011111111100100111100111001111111101010101
31477,100111101010010100001101000011101010101000010010011011100110010100110001011111111100100111100111001111111101011100
31507,100111101010010100001101000011101010101000010010011011100110010100110001011111111100100111100111001111111101011101
31512,100111101010010100001101000011101010101000010010011011100110010100110001011111111100100111100111001111111101011110
31517,100111101010010100001101000011101010101000010010011011100110010100110001011111111100100111100111001111111101011111
31287,1001111010100101000011010000111010101010000100100110111001100101001100010111111111001001111001110011111011111000000
31302,1001111010100101000011010000111010101010000100100110111001100101001100010111111111001001111001110011111011111000001
31430,1001111010100101000011010000111010101010000100100110111001100101001100010111111111001001111001110011111011111111000
31564,1001111010100101000011010000111010101010000100100110111001100101001100010111111111001001111001110011111011111111001
31339,1001111010100101000011010000111010101010000100100110111001100101001100010111111111001001111001110011111111010101010
31340,1001111010100101000011010000111010101010000100100110111001100101001100010111111111001001111001110011111111010101011
31508,1001111010100101000011010000111010101010000100100110111001100101001100010111111111001001111001110011111111010111010
31522,1001111010100101000011010000111010101010000100100110111001100101001100010111111111001001111001110011111111010111011
31513,1001111010100101000011010000111010101010000100100110111001100101001100010111111111001001111001110011111111010111100
31528,1001111010100101000011010000111010101010000100100110111001100101001100010111111111001001111001110011111111010111101
31431,10011110101001010000110100001110101010100001001001101110011001010011000101111111110010011110011100111110111111110000
31442,10011110101001010000110100001110101010100001001001101110011001010011000101111111110010011110011100111110111111110001
31326,10011110101001010000110100001110101010100001001001101110011001010011000101111111110010011110011100111111110101010110
31327,10011110101001010000110100001110101010100001001001101110011001010011000101111111110010011110011100111111110101010111
31498,10011110101001010000110100001110101010100001001001101110011001010011000101111111110010011110011100111111110101110100
31499,10011110101001010000110100001110101010100001001001101110011001010011000101111111110010011110011100111111110101110101
31523,10011110101001010000110100001110101010100001001001101110011001010011000101111111110010011110011100111111110101110110
31556,10011110101001010000110100001110101010100001001001101110011001010011000101111111110010011110011100111111110101110111
31538,10011110101001010000110100001110101010100001001001101110011001010011000101111111110010011110011100111111110101111010
31547,10011110101001010000110100001110101010100001001001101110011001010011000101111111110010011110011100111111110101111011
31443,100111101010010100001101000011101010101000010010011011100110010100110001011111111100100111100111001111101111111100010
31492,100111101010010100001101000011101010101000010010011011100110010100110001011111111100100111100111001111101111111100011
31320,100111101010010100001101000011101010101000010010011011100110010100110001011111111100100111100111001111111101010101110
31344,100111101010010100001101000011101010101000010010011011100110010100110001011111111100100111100111001111111101010101111
31539,100111101010010100001101000011101010101000010010011011100110010100110001011111111100100111100111001111111101011110100
31582,100111101010010100001101000011101010101000010010011011100110010100110001011111111100100111100111001111111101011110101
31553,100111101010010100001101000011101010101000010010011011100110010100110001011111111100100111100111001111111101011110110
31567,100111101010010100001101000011101010101000010010011011100110010100110001011111111100100111100111001111111101011110111
31565,1001111010100101000011010000111010101010000100100110111001100101001100010111111111001001111001110011111011111111000110
31952,1001111010100101000011010000111010101010000100100110111001100101001100010111111111001001111001110011111011111111000111
31584,10011110101001010000110100001110101010100001001001101110011001010011000101111111110010011110011100111110111111110001100
31596,10011110101001010000110100001110101010100001001001101110011001010011000101111111110010011110011100111110111111110001101
31542,10011110101001010000110100001110101010100001001001101110011001010011000101111111110010011110011100111110111111110001110
31543,100111101010010100001101000011101010101000010010011011100110010100110001011111111100100111100111001111101111111100011100
31559,100111101010010100001101000011101010101000010010011011100110010100110001011111111100100111100111001111101111111100011101
31544,1001111010100101000011010000111010101010000100100110111001100101001100010111111111001001111001110011111011111111000111000
31600,1001111010100101000011010000111010101010000100100110111001100101001100010111111111001001111001110011111011111111000111001
31566,1001111010100101000011010000111010101010000100100110111001100101001100010111111111001001111001110011111011111111000111010
31589,1001111010100101000011010000111010101010000100100110111001100101001100010111111111001001111001110011111011111111000111011
31540,10011110101001010000110100001110101010100001001001101110011001010011000101111111110010011110011100111110111111110001110000
31585,10011110101001010000110100001110101010100001001001101110011001010011000101111111110010011110011100111110111111110001110001
31601,10011110101001010000110100001110101010100001001001101110011001010011000101111111110010011110011100111110111111110001110010
31623,10011110101001010000110100001110101010100001001001101110011001010011000101111111110010011110011100111110111111110001110011
31603,10011110101001010000110100001110101010100001001001101110011001010011000101111111110010011110011100111110111111110001110110
31621,10011110101001010000110100001110101010100001001001101110011001010011000101111111110010011110011100111110111111110001110111
31534,100111101010010100001101000011101010101000010010011011100110010100110001011111111100100111100111001111101111111100011100000
31535,100111101010010100001101000011101010101000010010011011100110010100110001011111111100100111100111001111101111111100011100001
31622,100111101010010100001101000011101010101000010010011011100110010100110001011111111100100111100111001111101111111100011101100
31627,100111101010010100001101000011101010101000010010011011100110010100110001011111111100100111100111001111101111111100011101101
31631,1001111010100101000011010000111010101010000100100110111001100101001100010111111111001001111001110011111011111111000111011000
31641,1001111010100101000011010000111010101010000100100110111001100101001100010111111111001001111001110011111011111111000111011001
