"rid", "binaryID"
31789,1
31790,10
31801,11
31802,110
31813,111
31814,1110
31834,1111
31798,11100
31817,11101
31832,11110
31835,11111
31787,111000
31794,111001
31836,111110
31840,111111
31765,1110000
31766,1110001
31841,1111110
31852,1111111
31761,11100010
31762,11100011
31855,11111110
31858,11111111
31748,111000110
31753,111000111
31861,111111110
31863,111111111
31744,1110001110
31745,1110001111
31862,1111111100
31864,1111111101
31746,11100011110
31763,11100011111
31867,11111111010
31869,11111111011
31774,111000111110
31779,111000111111
31872,111111110110
31879,111111110111
31777,1110001111110
31780,1110001111111
31873,1111111101100
31878,1111111101101
31741,11100011111100
31742,11100011111101
31781,11100011111110
31796,11100011111111
31875,11111111011000
31876,11111111011001
31734,111000111111010
31735,111000111111011
31782,111000111111100
31785,111000111111101
31800,111000111111110
31812,111000111111111
31874,111111110110000
31883,111111110110001
31821,1110001111111110
31824,1110001111111111
31865,1111111101100000
31868,1111111101100001
31884,1111111101100010
31885,1111111101100011
31822,11100011111111100
31830,11100011111111101
31880,11111111011000100
31886,11111111011000101
31893,11111111011000110
31894,11111111011000111
31819,111000111111111000
31820,111000111111111001
31897,111111110110001110
31901,111111110110001111
31818,1110001111111110010
31838,1110001111111110011
31902,1111111101100011110
31907,1111111101100011111
31807,11100011111111100100
31808,11100011111111100101
31845,11100011111111100110
31847,11100011111111100111
31904,11111111011000111110
31905,11111111011000111111
31792,111000111111111001000
31793,111000111111111001001
31809,111000111111111001010
31825,111000111111111001011
31846,111000111111111001100
31848,111000111111111001101
31788,1110001111111110010010
31791,1110001111111110010011
31826,1110001111111110010110
31843,1110001111111110010111
31775,11100011111111100100100
31776,11100011111111100100101
31810,11100011111111100101100
31815,11100011111111100101101
31844,11100011111111100101110
31849,11100011111111100101111
31767,111000111111111001001010
31768,111000111111111001001011
31805,111000111111111001011000
31806,111000111111111001011001
31837,111000111111111001011100
31850,111000111111111001011101
31854,111000111111111001011110
31856,111000111111111001011111
31751,1110001111111110010010100
31752,1110001111111110010010101
31754,1110001111111110010010110
31772,1110001111111110010010111
31823,1110001111111110010111000
31827,1110001111111110010111001
31851,1110001111111110010111010
31853,1110001111111110010111011
31859,1110001111111110010111110
31860,1110001111111110010111111
31739,11100011111111100100101010
31740,11100011111111100100101011
31749,11100011111111100100101100
31755,11100011111111100100101101
31866,11100011111111100101111110
31877,11100011111111100101111111
31730,111000111111111001001010100
31731,111000111111111001001010101
31732,111000111111111001001011000
31733,111000111111111001001011001
31756,111000111111111001001011010
31770,111000111111111001001011011
31881,111000111111111001011111110
31887,111000111111111001011111111
31722,1110001111111110010010101000
31723,1110001111111110010010101001
31724,1110001111111110010010110010
31725,1110001111111110010010110011
31750,1110001111111110010010110100
31757,1110001111111110010010110101
31783,1110001111111110010010110110
31786,1110001111111110010010110111
31882,1110001111111110010111111100
31891,1110001111111110010111111101
31890,1110001111111110010111111110
31899,1110001111111110010111111111
31720,11100011111111100100101010000
31721,11100011111111100100101010001
31718,11100011111111100100101100110
31719,11100011111111100100101100111
31759,11100011111111100100101101010
31764,11100011111111100100101101011
31892,11100011111111100101111111010
31898,11100011111111100101111111011
31900,11100011111111100101111111110
31903,11100011111111100101111111111
31706,111000111111111001001010100000
31707,111000111111111001001010100001
31717,111000111111111001001010100010
31728,111000111111111001001010100011
31709,111000111111111001001011001110
31712,111000111111111001001011001111
31760,111000111111111001001011010100
31769,111000111111111001001011010101
31683,1110001111111110010010101000000
31684,1110001111111110010010101000001
31689,1110001111111110010010110011100
31690,1110001111111110010010110011101
31698,1110001111111110010010110011110
31713,1110001111111110010010110011111
31737,1110001111111110010010110101000
31747,1110001111111110010010110101001
31771,1110001111111110010010110101010
31784,1110001111111110010010110101011
31675,11100011111111100100101010000000
31676,11100011111111100100101010000001
31679,11100011111111100100101010000010
31680,11100011111111100100101010000011
31663,11100011111111100100101100111000
31664,11100011111111100100101100111001
31666,11100011111111100100101100111010
31667,11100011111111100100101100111011
31681,11100011111111100100101100111100
31691,11100011111111100100101100111101
31795,11100011111111100100101101010110
31804,11100011111111100100101101010111
31669,111000111111111001001010100000000
31674,111000111111111001001010100000001
31625,111000111111111001001010100000010
31626,111000111111111001001010100000011
31661,111000111111111001001010100000100
31662,111000111111111001001010100000101
31656,111000111111111001001011001110000
31671,111000111111111001001011001110001
31658,111000111111111001001011001111000
31659,111000111111111001001011001111001
31694,111000111111111001001011001111010
31726,111000111111111001001011001111011
31797,111000111111111001001011010101100
31799,111000111111111001001011010101101
31803,111000111111111001001011010101110
31811,111000111111111001001011010101111
31569,1110001111111110010010101000000100
31570,1110001111111110010010101000000101
31586,1110001111111110010010101000000110
31587,1110001111111110010010101000000111
31670,1110001111111110010010110011100010
31685,1110001111111110010010110011100011
31650,1110001111111110010010110011110000
31651,1110001111111110010010110011110001
31654,1110001111111110010010110011110010
31655,1110001111111110010010110011110011
31816,1110001111111110010010110101011110
31828,1110001111111110010010110101011111
31588,11100011111111100100101010000001110
31594,11100011111111100100101010000001111
31636,11100011111111100100101100111100000
31640,11100011111111100100101100111100001
31611,11100011111111100100101100111100010
31612,11100011111111100100101100111100011
31642,11100011111111100100101100111100100
31647,11100011111111100100101100111100101
31829,11100011111111100100101101010111110
31831,11100011111111100100101101010111111
31595,111000111111111001001010100000011110
31620,111000111111111001001010100000011111
31633,111000111111111001001011001111000000
31634,111000111111111001001011001111000001
31615,111000111111111001001011001111001000
31616,111000111111111001001011001111001001
31648,111000111111111001001011001111001010
31665,111000111111111001001011001111001011
31839,111000111111111001001011010101111110
31842,111000111111111001001011010101111111
31576,1110001111111110010010101000000111100
31577,1110001111111110010010101000000111101
31607,1110001111111110010010101000000111110
31619,1110001111111110010010101000000111111
31639,1110001111111110010010110011110010100
31643,1110001111111110010010110011110010101
31610,11100011111111100100101010000001111110
31614,11100011111111100100101010000001111111
31580,111000111111111001001010100000011111110
31581,111000111111111001001010100000011111111
31545,1110001111111110010010101000000111111100
31546,1110001111111110010010101000000111111101
31456,11100011111111100100101010000001111111000
31459,11100011111111100100101010000001111111001
