"rid", "binaryID"
18145,1
11045,10
18181,11
6469,100
11037,101
18188,110
18420,111
6455,1000
17858,1001
11046,1010
18456,1011
11033,10100
18412,10101
18467,10110
18468,10111
11005,101000
18163,101001
18500,101100
18599,101101
17543,101110
18442,101111
17803,1010000
17804,1010001
17508,1010010
18146,1010011
18540,1011010
18549,1011011
15151,10100000
15152,10100001
17513,10100100
18189,10100101
17532,10110110
18884,10110111
17399,101000000
30175,101000001
15149,101000010
17753,101000011
18155,101001000
18156,101001001
15181,101001010
18417,101001011
18901,101101110
18916,101101111
17398,1010000010
17407,1010000011
17754,1010000110
17766,1010000111
18147,1010010010
18148,1010010011
18424,1010010100
18533,1010010101
18919,1011011110
19071,1011011111
17389,10100000100
17390,10100000101
17476,10100001100
17477,10100001101
18113,10100100110
18117,10100100111
18425,10100101000
18502,10100101001
17540,10100101010
18606,10100101011
18923,10110111100
19204,10110111101
12169,101000001010
17288,101000001011
10939,101000011010
17161,101000011011
17898,101001001100
17912,101001001101
18504,101001010010
18520,101001010011
17539,101001010100
18589,101001010101
18550,101001010110
18891,101001010111
17275,1010000010110
17276,1010000010111
2398,1010000110100
2399,1010000110101
17913,1010010011010
18085,1010010011011
18521,1010010100110
18925,1010010100111
18895,1010010101110
19064,1010010101111
17331,10100001101000
17332,10100001101001
17810,10100100110100
17811,10100100110101
18086,10100100110110
18182,10100100110111
18926,10100101001110
19175,10100101001111
18894,10100101011100
18924,10100101011101
18949,10100101011110
19142,10100101011111
17779,101001001101010
17780,101001001101011
17892,101001001101100
17914,101001001101101
15180,101001001101110
18183,101001001101111
18871,101001010011100
18878,101001010011101
18940,101001010011110
19176,101001010011111
17194,101001010111100
19305,101001010111101
18215,101001010111110
19146,101001010111111
10954,1010010011010100
10986,1010010011010101
6470,1010010011011000
17853,1010010011011001
15198,1010010011011100
18421,1010010011011101
18562,1010010100111000
18566,1010010100111001
18216,1010010100111100
18233,1010010100111101
17919,1010010101111010
17936,1010010101111011
18939,1010010101111100
19286,1010010101111101
17642,10100100110101000
17666,10100100110101001
6471,10100100110110000
11027,10100100110110001
18567,10100101001110010
18872,10100101001110011
19159,10100101001111010
19225,10100101001111011
18942,10100101011111000
19285,10100101011111001
19289,10100101011111010
19339,10100101011111011
17614,101001001101010000
17616,101001001101010001
17867,101001001101100000
17868,101001001101100001
11034,101001001101100010
18130,101001001101100011
17535,101001010011100110
18885,101001010011100111
19226,101001010011110110
19331,101001010011110111
19295,101001010111110010
19312,101001010111110011
2400,1010010011010100000
10908,1010010011010100001
17611,1010010011010100010
17619,1010010011010100011
17786,1010010011011000000
17787,1010010011011000001
18126,1010010011011000100
18152,1010010011011000101
18544,1010010100111001100
18888,1010010100111001101
17937,1010010100111101110
19332,1010010100111101111
12206,10100100110110000010
17799,10100100110110000011
11041,10100100110110001000
17520,10100100110110001001
18607,10100101001110011000
18608,10100101001110011001
18912,10100101001110011010
18915,10100101001110011011
17938,10100101001111011100
19355,10100101001111011101
19287,10100101001111011110
19288,10100101001111011111
17762,101001001101100000100
17763,101001001101100000101
12022,101001001101100000110
12025,101001001101100000111
11017,101001001101100010000
11018,101001001101100010001
18184,101001001101100010010
18196,101001001101100010011
17544,101001010011100110010
18511,101001010011100110011
18913,101001010011100110100
19097,101001010011100110101
19398,101001010011110111010
19415,101001010011110111011
19274,101001010011110111110
19306,101001010011110111111
15143,1010010011011000001010
17750,1010010011011000001011
12204,1010010011011000001110
17784,1010010011011000001111
17915,1010010011011000100000
17916,1010010011011000100001
11007,1010010011011000100010
18110,1010010011011000100011
18422,1010010011011000100100
18503,1010010011011000100101
18491,1010010100111001100110
18492,1010010100111001100111
19107,1010010100111001101010
19147,1010010100111001101011
19399,1010010100111101110100
19472,1010010100111101110101
19414,1010010100111101110110
19455,1010010100111101110111
19298,1010010100111101111110
19336,1010010100111101111111
17724,10100100110110000010110
17725,10100100110110000010111
10999,10100100110110001000110
11000,10100100110110001000111
18426,10100100110110001001000
18484,10100100110110001001001
17541,10100100110110001001010
18516,10100100110110001001011
19098,10100101001110011010100
19118,10100101001110011010101
19486,10100101001111011101010
19514,10100101001111011101011
18266,10100101001111011101110
19463,10100101001111011101111
17195,10100101001111011111110
19337,10100101001111011111111
17893,101001001101100010001100
17894,101001001101100010001101
11014,101001001101100010001110
18103,101001001101100010001111
18427,101001001101100010010000
18462,101001001101100010010001
19072,101001010011100110101010
19110,101001010011100110101011
19474,101001010011110111010100
19505,101001010011110111010101
19524,101001010011110111010110
19592,101001010011110111010111
19322,101001010011110111111110
19323,101001010011110111111111
11023,1010010011011000100011100
11035,1010010011011000100011101
19058,1010010100111001101010100
19083,1010010100111001101010101
19496,1010010100111101110101010
19571,1010010100111101110101011
17211,1010010100111101110101110
17217,1010010100111101110101111
19299,1010010100111101111111110
19307,1010010100111101111111111
11036,10100100110110001000111010
17514,10100100110110001000111011
17529,10100101001110011010101000
17533,10100101001110011010101001
19084,10100101001110011010101010
19114,10100101001110011010101011
19433,10100101001111011101010100
19437,10100101001111011101010101
5055,10100101001111011101011100
17216,10100101001111011101011101
429,10100101001111011101011110
17218,10100101001111011101011111
15217,10100101001111011111111110
19308,10100101001111011111111111
11030,101001001101100010001110100
11038,101001001101100010001110101
18167,101001001101100010001110110
18206,101001001101100010001110111
19137,101001010011100110101010110
19179,101001010011100110101010111
19483,101001010011110111010101000
19487,101001010011110111010101001
10231,101001010011110111010111100
10233,101001010011110111010111101
423,101001010011110111010111110
19631,101001010011110111010111111
19290,101001010011110111111111110
19300,101001010011110111111111111
11039,1010010011011000100011101010
17515,1010010011011000100011101011
15183,1010010011011000100011101110
18586,1010010011011000100011101111
19138,1010010100111001101010101100
19139,1010010100111001101010101101
19500,1010010100111101110101010000
19515,1010010100111101110101010001
19309,1010010100111101111111111110
19340,1010010100111101111111111111
18098,10100100110110001000111010100
18099,10100100110110001000111010101
18201,10100100110110001000111010110
18432,10100100110110001000111010111
19074,10100101001110011010101011000
19099,10100101001110011010101011001
17189,10100101001111011111111111100
19313,10100101001111011111111111101
18469,101001001101100010001110101110
18487,101001001101100010001110101111
19115,101001010011100110101010110010
19177,101001010011100110101010110011
17942,101001010011110111111111111010
19314,101001010011110111111111111011
18474,1010010011011000100011101011100
18590,1010010011011000100011101011101
19116,1010010100111001101010101100100
19181,1010010100111001101010101100101
19281,1010010100111101111111111110110
19344,1010010100111101111111111110111
18475,10100100110110001000111010111000
18493,10100100110110001000111010111001
18889,10100101001110011010101011001000
19075,10100101001110011010101011001001
15205,10100101001111011111111111101110
19151,10100101001111011111111111101111
19076,101001010011100110101010110010010
19172,101001010011100110101010110010011
15206,101001010011110111111111111011100
17922,101001010011110111111111111011101
17582,101001010011110111111111111011110
17920,101001010011110111111111111011111
19180,1010010100111001101010101100100110
19182,1010010100111001101010101100100111
19183,10100101001110011010101011001001100
19209,10100101001110011010101011001001101
