"rid", "binaryID"
8938,1
8942,10
8981,11
8943,100
8946,101
8985,110
8986,111
5031,1010
5033,1011
9012,1100
9015,1101
8987,1110
8990,1111
5037,10110
8940,10111
9013,11000
9059,11001
8989,11110
9016,11111
5038,101100
8939,101101
9065,110000
9066,110001
8973,111100
8988,111101
5041,1011010
5046,1011011
9071,1100000
9079,1100001
9077,1100010
9080,1100011
8970,1111000
9002,1111001
5047,10110110
8944,10110111
9114,11000010
9144,11000011
9109,11000100
9130,11000101
9101,11000110
9104,11000111
8974,11110000
8977,11110001
9003,11110010
9008,11110011
6592,101101110
8947,101101111
9110,110001000
9151,110001001
9011,111100110
9032,111100111
5048,1011011100
5049,1011011101
9141,1100010010
9169,1100010011
9033,1111001110
9120,1111001111
5025,10110111000
8916,10110111001
9164,11000100110
9281,11000100111
9098,11110011110
9116,11110011111
6593,101101110000
8975,101101110001
8912,101101110010
8913,101101110011
9282,110001001110
9285,110001001111
9111,111100111110
9125,111100111111
6594,1011011100000
8954,1011011100001
8902,1011011100110
8903,1011011100111
1261,1100010011110
1276,1100010011111
9099,1111001111100
9102,1111001111101
9121,1111001111110
9158,1111001111111
5050,10110111000000
8941,10110111000001
8892,10110111001100
8893,10110111001101
8904,10110111001110
8907,10110111001111
1253,11000100111100
9291,11000100111101
1275,11000100111110
9322,11000100111111
9017,11110011111000
9018,11110011111001
9100,11110011111100
9105,11110011111101
9138,11110011111110
9274,11110011111111
5034,101101110000000
6590,101101110000001
5017,101101110011010
8888,101101110011011
1250,110001001111000
9292,110001001111001
1251,110001001111100
9290,110001001111101
9331,110001001111110
9357,110001001111111
9067,111100111111010
9068,111100111111011
9139,111100111111100
9154,111100111111101
9275,111100111111110
9295,111100111111111
5032,1011011100000000
8958,1011011100000001
8887,1011011100110110
8896,1011011100110111
1260,1100010011111000
9335,1100010011111001
9332,1100010011111100
9342,1100010011111101
9359,1100010011111110
9371,1100010011111111
9051,1111001111110110
9060,1111001111110111
9126,1111001111111000
9152,1111001111111001
8933,10110111000000000
8934,10110111000000001
8957,10110111000000010
8963,10110111000000011
9333,11000100111110010
9372,11000100111110011
9337,11000100111111010
9341,11000100111111011
9021,11110011111101100
9022,11110011111101101
9052,11110011111101110
9073,11110011111101111
9117,11110011111110000
9118,11110011111110001
5021,101101110000000010
8929,101101110000000011
8965,101101110000000110
8979,101101110000000111
9326,110001001111100100
9327,110001001111100101
5371,110001001111100110
9376,110001001111100111
9023,111100111111011100
9024,111100111111011101
9113,111100111111100010
9133,111100111111100011
5026,1011011100000000100
5042,1011011100000000101
8980,1011011100000001110
8982,1011011100000001111
9317,1100010011111001000
9336,1100010011111001001
9025,1111001111110111010
9038,1111001111110111011
9134,1111001111111000110
9155,1111001111111000111
5027,10110111000000001000
5040,10110111000000001001
8983,10110111000000011110
8998,10110111000000011111
9313,11000100111110010000
9314,11000100111110010001
9034,11110011111101110110
9042,11110011111101110111
9129,11110011111110001100
9142,11110011111110001101
9170,11110011111110001110
9270,11110011111110001111
5022,101101110000000010000
6591,101101110000000010001
8984,101101110000000111100
8991,101101110000000111101
9300,110001001111100100000
9301,110001001111100100001
9094,111100111111100011000
9095,111100111111100011001
9159,111100111111100011010
9165,111100111111100011011
8930,1011011100000000100000
8931,1011011100000000100001
6595,1011011100000000100010
8948,1011011100000000100011
8992,1011011100000001111010
8996,1011011100000001111011
1266,1100010011111001000000
1267,1100010011111001000001
9081,1111001111111000110010
9135,1111001111111000110011
9172,1111001111111000110100
9276,1111001111111000110101
9163,1111001111111000110110
9173,1111001111111000110111
8920,10110111000000001000000
8921,10110111000000001000001
8926,10110111000000001000010
8932,10110111000000001000011
9000,10110111000000011110110
9004,10110111000000011110111
1265,11000100111110010000000
9309,11000100111110010000001
9061,11110011111110001100100
9062,11110011111110001100101
9127,11110011111110001100110
9128,11110011111110001100111
1268,11110011111110001101010
1273,11110011111110001101011
8968,101101110000000111101110
8971,101101110000000111101111
9272,110001001111100100000000
9273,110001001111100100000001
9321,110001001111100100000010
9346,110001001111100100000011
9036,111100111111100011001000
9043,111100111111100011001001
9053,111100111111100011001010
9072,111100111111100011001011
9106,111100111111100011001110
9131,111100111111100011001111
1272,111100111111100011010100
9315,111100111111100011010101
1274,111100111111100011010110
9302,111100111111100011010111
9347,1100010011111001000000110
9391,1100010011111001000000111
9026,1111001111111000110010100
9047,1111001111111000110010101
9122,1111001111111000110011110
9124,1111001111111000110011111
1271,1111001111111000110101000
9299,1111001111111000110101001
9303,1111001111111000110101110
9308,1111001111111000110101111
9396,11000100111110010000001110
9401,11000100111110010000001111
9006,11110011111110001100101000
9007,11110011111110001100101001
9037,11110011111110001100101010
9041,11110011111110001100101011
9298,11110011111110001101010010
9323,11110011111110001101010011
9318,11110011111110001101011110
9334,11110011111110001101011111
9181,110001001111100100000011100
9388,110001001111100100000011101
9402,110001001111100100000011110
9443,110001001111100100000011111
8994,111100111111100011001010000
8995,111100111111100011001010001
9005,111100111111100011001010010
9009,111100111111100011001010011
9030,111100111111100011001010100
9031,111100111111100011001010101
9328,111100111111100011010100110
9360,111100111111100011010100111
9319,111100111111100011010111100
9324,111100111111100011010111101
9348,111100111111100011010111110
9362,111100111111100011010111111
9387,1100010011111001000000111010
9413,1100010011111001000000111011
1507,1100010011111001000000111100
5377,1100010011111001000000111101
9447,1100010011111001000000111110
9459,1100010011111001000000111111
8999,1111001111111000110010100100
9001,1111001111111000110010100101
9010,1111001111111000110010101000
9014,1111001111111000110010101001
9035,1111001111111000110010101010
9048,1111001111111000110010101011
9382,1111001111111000110101111010
9389,1111001111111000110101111011
9184,1111001111111000110101111110
9373,1111001111111000110101111111
9460,11000100111110010000001111100
9472,11000100111110010000001111101
9458,11000100111110010000001111110
9504,11000100111110010000001111111
8993,11110011111110001100101001000
8997,11110011111110001100101001001
9054,11110011111110001100101010110
9069,11110011111110001100101010111
9379,11110011111110001101011111110
9393,11110011111110001101011111111
9473,110001001111100100000011111010
9483,110001001111100100000011111011
9445,110001001111100100000011111100
9446,110001001111100100000011111101
9468,110001001111100100000011111110
9469,110001001111100100000011111111
9432,1100010011111001000000111110110
9433,1100010011111001000000111110111
9454,1100010011111001000000111111100
9521,1100010011111001000000111111101
9544,11000100111110010000001111111010
9568,11000100111110010000001111111011
9545,110001001111100100000011111110100
9555,110001001111100100000011111110101
9578,110001001111100100000011111110110
9592,110001001111100100000011111110111
9572,1100010011111001000000111111101010
9615,1100010011111001000000111111101011
9567,1100010011111001000000111111101100
9580,1100010011111001000000111111101101
9605,1100010011111001000000111111101110
9618,1100010011111001000000111111101111
9573,11000100111110010000001111111010100
9612,11000100111110010000001111111010101
9616,11000100111110010000001111111010110
9792,11000100111110010000001111111010111
9582,11000100111110010000001111111011010
9583,11000100111110010000001111111011011
9619,11000100111110010000001111111011110
9629,11000100111110010000001111111011111
9574,110001001111100100000011111110101000
9585,110001001111100100000011111110101001
9201,110001001111100100000011111110101110
9791,110001001111100100000011111110101111
9614,110001001111100100000011111110111100
9625,110001001111100100000011111110111101
9530,1100010011111001000000111111101010000
9531,1100010011111001000000111111101010001
9586,1100010011111001000000111111101010010
9589,1100010011111001000000111111101010011
9200,1100010011111001000000111111101011100
9845,1100010011111001000000111111101011101
9494,11000100111110010000001111111010100010
9499,11000100111110010000001111111010100011
9590,11000100111110010000001111111010100110
9596,11000100111110010000001111111010100111
9810,11000100111110010000001111111010111000
9825,11000100111110010000001111111010111001
9497,110001001111100100000011111110101000110
9532,110001001111100100000011111110101000111
9597,110001001111100100000011111110101001110
9626,110001001111100100000011111110101001111
9821,110001001111100100000011111110101110010
9837,110001001111100100000011111110101110011
9486,1100010011111001000000111111101010001100
9490,1100010011111001000000111111101010001101
9534,1100010011111001000000111111101010001110
9575,1100010011111001000000111111101010001111
9636,1100010011111001000000111111101010011110
9790,1100010011111001000000111111101010011111
9803,1100010011111001000000111111101011100100
9814,1100010011111001000000111111101011100101
9419,11000100111110010000001111111010100011000
9436,11000100111110010000001111111010100011001
9523,11000100111110010000001111111010100011100
9527,11000100111110010000001111111010100011101
9807,11000100111110010000001111111010100111110
9823,11000100111110010000001111111010100111111
9802,11000100111110010000001111111010111001000
9806,11000100111110010000001111111010111001001
9394,110001001111100100000011111110101000110000
9399,110001001111100100000011111110101000110001
9437,110001001111100100000011111110101000110010
9442,110001001111100100000011111110101000110011
9192,110001001111100100000011111110101001111100
9811,110001001111100100000011111110101001111101
9826,110001001111100100000011111110101001111110
9858,110001001111100100000011111110101001111111
9805,110001001111100100000011111110101110010010
9829,110001001111100100000011111110101110010011
9375,1100010011111001000000111111101010001100000
9384,1100010011111001000000111111101010001100001
1501,1100010011111001000000111111101010001100010
5374,1100010011111001000000111111101010001100011
9451,1100010011111001000000111111101010001100110
9452,1100010011111001000000111111101010001100111
9822,1100010011111001000000111111101010011111000
9831,1100010011111001000000111111101010011111001
9643,1100010011111001000000111111101010011111100
9644,1100010011111001000000111111101010011111101
9859,1100010011111001000000111111101010011111110
9862,1100010011111001000000111111101010011111111
9835,1100010011111001000000111111101011100100110
9850,1100010011111001000000111111101011100100111
9374,11000100111110010000001111111010100011000000
9404,11000100111110010000001111111010100011000001
9793,11000100111110010000001111111010100111110000
9830,11000100111110010000001111111010100111110001
9603,11000100111110010000001111111010100111111000
9604,11000100111110010000001111111010100111111001
9770,11000100111110010000001111111010100111111010
9782,11000100111110010000001111111010100111111011
9179,110001001111100100000011111110101000110000000
9185,110001001111100100000011111110101000110000001
9839,110001001111100100000011111110101001111100010
9857,110001001111100100000011111110101001111100011
9552,110001001111100100000011111110101001111110010
9559,110001001111100100000011111110101001111110011
9630,110001001111100100000011111110101001111110100
9642,110001001111100100000011111110101001111110101
9798,110001001111100100000011111110101001111110110
9800,110001001111100100000011111110101001111110111
5373,1100010011111001000000111111101010001100000000
9180,1100010011111001000000111111101010001100000001
1508,1100010011111001000000111111101010001100000010
9398,1100010011111001000000111111101010001100000011
2341,1100010011111001000000111111101010011111000100
9853,1100010011111001000000111111101010011111000101
9535,1100010011111001000000111111101010011111100100
9536,1100010011111001000000111111101010011111100101
9560,1100010011111001000000111111101010011111100110
9581,1100010011111001000000111111101010011111100111
9620,1100010011111001000000111111101010011111101010
9628,1100010011111001000000111111101010011111101011
9186,11000100111110010000001111111010100011000000010
9385,11000100111110010000001111111010100011000000011
1506,11000100111110010000001111111010100011000000110
9406,11000100111110010000001111111010100011000000111
2342,11000100111110010000001111111010100111110001000
2363,11000100111110010000001111111010100111110001001
9874,11000100111110010000001111111010100111110001010
9896,11000100111110010000001111111010100111110001011
9514,11000100111110010000001111111010100111111001010
9515,11000100111110010000001111111010100111111001011
9392,110001001111100100000011111110101000110000000100
9397,110001001111100100000011111110101000110000000101
9434,110001001111100100000011111110101000110000001110
9449,110001001111100100000011111110101000110000001111
2368,110001001111100100000011111110101001111100010010
2371,110001001111100100000011111110101001111100010011
2355,110001001111100100000011111110101001111100010100
9880,110001001111100100000011111110101001111100010101
9505,110001001111100100000011111110101001111110010100
9506,110001001111100100000011111110101001111110010101
9507,110001001111100100000011111110101001111110010110
9512,110001001111100100000011111110101001111110010111
1502,1100010011111001000000111111101010001100000001010
9420,1100010011111001000000111111101010001100000001011
2356,1100010011111001000000111111101010011111000101000
9897,1100010011111001000000111111101010011111000101001
9502,1100010011111001000000111111101010011111100101100
9503,1100010011111001000000111111101010011111100101101
1503,11000100111110010000001111111010100011000000010100
9405,11000100111110010000001111111010100011000000010101
9900,11000100111110010000001111111010100111110001010010
9904,11000100111110010000001111111010100111110001010011
9500,11000100111110010000001111111010100111111001011010
9537,11000100111110010000001111111010100111111001011011
9918,110001001111100100000011111110101001111100010100110
9950,110001001111100100000011111110101001111100010100111
9484,110001001111100100000011111110101001111110010110100
9492,110001001111100100000011111110101001111110010110101
9921,1100010011111001000000111111101010011111000101001100
9923,1100010011111001000000111111101010011111000101001101
9968,1100010011111001000000111111101010011111000101001110
9999,1100010011111001000000111111101010011111000101001111
9464,1100010011111001000000111111101010011111100101101000
9465,1100010011111001000000111111101010011111100101101001
9513,1100010011111001000000111111101010011111100101101010
9516,1100010011111001000000111111101010011111100101101011
9934,11000100111110010000001111111010100111110001010011000
9945,11000100111110010000001111111010100111110001010011001
9930,11000100111110010000001111111010100111110001010011010
9933,11000100111110010000001111111010100111110001010011011
9971,11000100111110010000001111111010100111110001010011100
9996,11000100111110010000001111111010100111110001010011101
9450,11000100111110010000001111111010100111111001011010010
9455,11000100111110010000001111111010100111111001011010011
9929,110001001111100100000011111110101001111100010100110100
9937,110001001111100100000011111110101001111100010100110101
10009,110001001111100100000011111110101001111100010100111010
10020,110001001111100100000011111110101001111100010100111011
9456,110001001111100100000011111110101001111110010110100110
9479,110001001111100100000011111110101001111110010110100111
9875,1100010011111001000000111111101010011111000101001101000
9881,1100010011111001000000111111101010011111000101001101001
9986,1100010011111001000000111111101010011111000101001110100
10001,1100010011111001000000111111101010011111000101001110101
9213,1100010011111001000000111111101010011111000101001110110
10021,1100010011111001000000111111101010011111000101001110111
9444,1100010011111001000000111111101010011111100101101001100
9470,1100010011111001000000111111101010011111100101101001101
9988,11000100111110010000001111111010100111110001010011101010
10006,11000100111110010000001111111010100111110001010011101011
9440,11000100111110010000001111111010100111111001011010011000
9453,11000100111110010000001111111010100111111001011010011001
9210,110001001111100100000011111110101001111100010100111010110
10012,110001001111100100000011111110101001111100010100111010111
9421,110001001111100100000011111110101001111110010110100110000
9426,110001001111100100000011111110101001111110010110100110001
9457,110001001111100100000011111110101001111110010110100110010
9461,110001001111100100000011111110101001111110010110100110011
10035,1100010011111001000000111111101010011111000101001110101100
10036,1100010011111001000000111111101010011111000101001110101101
9991,1100010011111001000000111111101010011111000101001110101110
9992,1100010011111001000000111111101010011111000101001110101111
10027,11000100111110010000001111111010100111110001010011101011000
10028,11000100111110010000001111111010100111110001010011101011001
10046,11000100111110010000001111111010100111110001010011101011010
10383,11000100111110010000001111111010100111110001010011101011011
9975,11000100111110010000001111111010100111110001010011101011100
9976,11000100111110010000001111111010100111110001010011101011101
9943,11000100111110010000001111111010100111110001010011101011110
9944,11000100111110010000001111111010100111110001010011101011111
10043,110001001111100100000011111110101001111100010100111010110000
10059,110001001111100100000011111110101001111100010100111010110001
10024,110001001111100100000011111110101001111100010100111010110100
10025,110001001111100100000011111110101001111100010100111010110101
10384,110001001111100100000011111110101001111100010100111010110110
10415,110001001111100100000011111110101001111100010100111010110111
9962,110001001111100100000011111110101001111100010100111010111000
9963,110001001111100100000011111110101001111100010100111010111001
9891,110001001111100100000011111110101001111100010100111010111100
9892,110001001111100100000011111110101001111100010100111010111101
10044,1100010011111001000000111111101010011111000101001110101100000
10060,1100010011111001000000111111101010011111000101001110101100001
10010,1100010011111001000000111111101010011111000101001110101101000
10011,1100010011111001000000111111101010011111000101001110101101001
10414,1100010011111001000000111111101010011111000101001110101101110
10423,1100010011111001000000111111101010011111000101001110101101111
9959,1100010011111001000000111111101010011111000101001110101110010
9960,1100010011111001000000111111101010011111000101001110101110011
9886,1100010011111001000000111111101010011111000101001110101111000
9890,1100010011111001000000111111101010011111000101001110101111001
6955,11000100111110010000001111111010100111110001010011101011000010
10064,11000100111110010000001111111010100111110001010011101011000011
10424,11000100111110010000001111111010100111110001010011101011011110
10447,11000100111110010000001111111010100111110001010011101011011111
10066,110001001111100100000011111110101001111100010100111010110000110
10402,110001001111100100000011111110101001111100010100111010110000111
10425,110001001111100100000011111110101001111100010100111010110111100
10436,110001001111100100000011111110101001111100010100111010110111101
10065,1100010011111001000000111111101010011111000101001110101100001100
10071,1100010011111001000000111111101010011111000101001110101100001101
10040,11000100111110010000001111111010100111110001010011101011000011000
10053,11000100111110010000001111111010100111110001010011101011000011001
6962,11000100111110010000001111111010100111110001010011101011000011010
6970,11000100111110010000001111111010100111110001010011101011000011011
10037,110001001111100100000011111110101001111100010100111010110000110000
10054,110001001111100100000011111110101001111100010100111010110000110001
9211,1100010011111001000000111111101010011111000101001110101100001100000
9214,1100010011111001000000111111101010011111000101001110101100001100001
10026,11000100111110010000001111111010100111110001010011101011000011000010
10029,11000100111110010000001111111010100111110001010011101011000011000011
10030,110001001111100100000011111110101001111100010100111010110000110000110
10031,110001001111100100000011111110101001111100010100111010110000110000111
10002,1100010011111001000000111111101010011111000101001110101100001100001100
10003,1100010011111001000000111111101010011111000101001110101100001100001101
6965,1100010011111001000000111111101010011111000101001110101100001100001110
10032,1100010011111001000000111111101010011111000101001110101100001100001111
9972,11000100111110010000001111111010100111110001010011101011000011000011000
9973,11000100111110010000001111111010100111110001010011101011000011000011001
10385,11000100111110010000001111111010100111110001010011101011000011000011100
10406,11000100111110010000001111111010100111110001010011101011000011000011101
9212,11000100111110010000001111111010100111110001010011101011000011000011110
10051,11000100111110010000001111111010100111110001010011101011000011000011111
9957,110001001111100100000011111110101001111100010100111010110000110000110010
9961,110001001111100100000011111110101001111100010100111010110000110000110011
10395,110001001111100100000011111110101001111100010100111010110000110000111000
10403,110001001111100100000011111110101001111100010100111010110000110000111001
10407,110001001111100100000011111110101001111100010100111010110000110000111010
10443,110001001111100100000011111110101001111100010100111010110000110000111011
9205,110001001111100100000011111110101001111100010100111010110000110000111100
9206,110001001111100100000011111110101001111100010100111010110000110000111101
10052,110001001111100100000011111110101001111100010100111010110000110000111110
10061,110001001111100100000011111110101001111100010100111010110000110000111111
9914,1100010011111001000000111111101010011111000101001110101100001100001100100
9919,1100010011111001000000111111101010011111000101001110101100001100001100101
10394,1100010011111001000000111111101010011111000101001110101100001100001110000
10397,1100010011111001000000111111101010011111000101001110101100001100001110001
10388,1100010011111001000000111111101010011111000101001110101100001100001110100
10421,1100010011111001000000111111101010011111000101001110101100001100001110101
10453,1100010011111001000000111111101010011111000101001110101100001100001110110
10465,1100010011111001000000111111101010011111000101001110101100001100001110111
10015,1100010011111001000000111111101010011111000101001110101100001100001111010
10019,1100010011111001000000111111101010011111000101001110101100001100001111011
10048,1100010011111001000000111111101010011111000101001110101100001100001111110
10055,1100010011111001000000111111101010011111000101001110101100001100001111111
10418,11000100111110010000001111111010100111110001010011101011000011000011100010
10429,11000100111110010000001111111010100111110001010011101011000011000011100011
10405,11000100111110010000001111111010100111110001010011101011000011000011101010
10430,11000100111110010000001111111010100111110001010011101011000011000011101011
1073,11000100111110010000001111111010100111110001010011101011000011000011101110
10478,11000100111110010000001111111010100111110001010011101011000011000011101111
9207,11000100111110010000001111111010100111110001010011101011000011000011111100
9208,11000100111110010000001111111010100111110001010011101011000011000011111101
10056,11000100111110010000001111111010100111110001010011101011000011000011111110
10386,11000100111110010000001111111010100111110001010011101011000011000011111111
10428,110001001111100100000011111110101001111100010100111010110000110000111000110
10440,110001001111100100000011111110101001111100010100111010110000110000111000111
10422,110001001111100100000011111110101001111100010100111010110000110000111010110
10431,110001001111100100000011111110101001111100010100111010110000110000111010111
10466,110001001111100100000011111110101001111100010100111010110000110000111011110
10495,110001001111100100000011111110101001111100010100111010110000110000111011111
9969,110001001111100100000011111110101001111100010100111010110000110000111111000
9970,110001001111100100000011111110101001111100010100111010110000110000111111001
10007,110001001111100100000011111110101001111100010100111010110000110000111111010
10008,110001001111100100000011111110101001111100010100111010110000110000111111011
10049,110001001111100100000011111110101001111100010100111010110000110000111111100
10050,110001001111100100000011111110101001111100010100111010110000110000111111101
10378,110001001111100100000011111110101001111100010100111010110000110000111111110
10437,110001001111100100000011111110101001111100010100111010110000110000111111111
10420,1100010011111001000000111111101010011111000101001110101100001100001110001100
10427,1100010011111001000000111111101010011111000101001110101100001100001110001101
10444,1100010011111001000000111111101010011111000101001110101100001100001110101110
10459,1100010011111001000000111111101010011111000101001110101100001100001110101111
1061,1100010011111001000000111111101010011111000101001110101100001100001110111110
10492,1100010011111001000000111111101010011111000101001110101100001100001110111111
9935,1100010011111001000000111111101010011111000101001110101100001100001111110000
9938,1100010011111001000000111111101010011111000101001110101100001100001111110001
9995,1100010011111001000000111111101010011111000101001110101100001100001111110110
10016,1100010011111001000000111111101010011111000101001110101100001100001111110111
10377,1100010011111001000000111111101010011111000101001110101100001100001111111100
10380,1100010011111001000000111111101010011111000101001110101100001100001111111101
10438,1100010011111001000000111111101010011111000101001110101100001100001111111110
10451,1100010011111001000000111111101010011111000101001110101100001100001111111111
10426,11000100111110010000001111111010100111110001010011101011000011000011100011010
10435,11000100111110010000001111111010100111110001010011101011000011000011100011011
10471,11000100111110010000001111111010100111110001010011101011000011000011101011110
10479,11000100111110010000001111111010100111110001010011101011000011000011101011111
1062,11000100111110010000001111111010100111110001010011101011000011000011101111100
1068,11000100111110010000001111111010100111110001010011101011000011000011101111101
9924,11000100111110010000001111111010100111110001010011101011000011000011111100000
9925,11000100111110010000001111111010100111110001010011101011000011000011111100001
9977,11000100111110010000001111111010100111110001010011101011000011000011111101100
9978,11000100111110010000001111111010100111110001010011101011000011000011111101101
10017,11000100111110010000001111111010100111110001010011101011000011000011111101110
10041,11000100111110010000001111111010100111110001010011101011000011000011111101111
6963,11000100111110010000001111111010100111110001010011101011000011000011111111000
6964,11000100111110010000001111111010100111110001010011101011000011000011111111001
10381,11000100111110010000001111111010100111110001010011101011000011000011111111100
10382,11000100111110010000001111111010100111110001010011101011000011000011111111101
10445,11000100111110010000001111111010100111110001010011101011000011000011111111110
10449,11000100111110010000001111111010100111110001010011101011000011000011111111111
5061,110001001111100100000011111110101001111100010100111010110000110000111010111100
10486,110001001111100100000011111110101001111100010100111010110000110000111010111101
1059,110001001111100100000011111110101001111100010100111010110000110000111011111000
1071,110001001111100100000011111110101001111100010100111010110000110000111011111001
9903,110001001111100100000011111110101001111100010100111010110000110000111111000000
9912,110001001111100100000011111110101001111100010100111010110000110000111111000001
9926,110001001111100100000011111110101001111100010100111010110000110000111111000010
9927,110001001111100100000011111110101001111100010100111010110000110000111111000011
9974,110001001111100100000011111110101001111100010100111010110000110000111111011010
9979,110001001111100100000011111110101001111100010100111010110000110000111111011011
10042,110001001111100100000011111110101001111100010100111010110000110000111111011110
10062,110001001111100100000011111110101001111100010100111010110000110000111111011111
6959,110001001111100100000011111110101001111100010100111010110000110000111111110010
6971,110001001111100100000011111110101001111100010100111010110000110000111111110011
10450,110001001111100100000011111110101001111100010100111010110000110000111111111110
10454,110001001111100100000011111110101001111100010100111010110000110000111111111111
5070,1100010011111001000000111111101010011111000101001110101100001100001110101111000
10077,1100010011111001000000111111101010011111000101001110101100001100001110101111001
1072,1100010011111001000000111111101010011111000101001110101100001100001110111110010
10091,1100010011111001000000111111101010011111000101001110101100001100001110111110011
2339,1100010011111001000000111111101010011111000101001110101100001100001111110000000
2340,1100010011111001000000111111101010011111000101001110101100001100001111110000001
9966,1100010011111001000000111111101010011111000101001110101100001100001111110110110
9989,1100010011111001000000111111101010011111000101001110101100001100001111110110111
10063,1100010011111001000000111111101010011111000101001110101100001100001111110111110
10368,1100010011111001000000111111101010011111000101001110101100001100001111110111111
10072,1100010011111001000000111111101010011111000101001110101100001100001111111100100
10073,1100010011111001000000111111101010011111000101001110101100001100001111111100101
10448,1100010011111001000000111111101010011111000101001110101100001100001111111111100
10456,1100010011111001000000111111101010011111000101001110101100001100001111111111101
10099,11000100111110010000001111111010100111110001010011101011000011000011101111100110
10101,11000100111110010000001111111010100111110001010011101011000011000011101111100111
9887,11000100111110010000001111111010100111110001010011101011000011000011111100000010
9888,11000100111110010000001111111010100111110001010011101011000011000011111100000011
9951,11000100111110010000001111111010100111110001010011101011000011000011111101101100
9952,11000100111110010000001111111010100111110001010011101011000011000011111101101101
9990,11000100111110010000001111111010100111110001010011101011000011000011111101101110
10004,11000100111110010000001111111010100111110001010011101011000011000011111101101111
10069,11000100111110010000001111111010100111110001010011101011000011000011111101111110
10371,11000100111110010000001111111010100111110001010011101011000011000011111101111111
10409,11000100111110010000001111111010100111110001010011101011000011000011111111111000
10446,11000100111110010000001111111010100111110001010011101011000011000011111111111001
10457,11000100111110010000001111111010100111110001010011101011000011000011111111111010
10484,11000100111110010000001111111010100111110001010011101011000011000011111111111011
10102,110001001111100100000011111110101001111100010100111010110000110000111011111001110
10354,110001001111100100000011111110101001111100010100111010110000110000111011111001111
9871,110001001111100100000011111110101001111100010100111010110000110000111111000000100
9872,110001001111100100000011111110101001111100010100111010110000110000111111000000101
9854,110001001111100100000011111110101001111100010100111010110000110000111111000000110
9873,110001001111100100000011111110101001111100010100111010110000110000111111000000111
9941,110001001111100100000011111110101001111100010100111010110000110000111111011011010
9942,110001001111100100000011111110101001111100010100111010110000110000111111011011011
9981,110001001111100100000011111110101001111100010100111010110000110000111111011011100
9984,110001001111100100000011111110101001111100010100111010110000110000111111011011101
10005,110001001111100100000011111110101001111100010100111010110000110000111111011011110
10013,110001001111100100000011111110101001111100010100111010110000110000111111011011111
10376,110001001111100100000011111110101001111100010100111010110000110000111111111110000
10387,110001001111100100000011111110101001111100010100111010110000110000111111111110001
10485,110001001111100100000011111110101001111100010100111010110000110000111111111110110
10502,110001001111100100000011111110101001111100010100111010110000110000111111111110111
10074,1100010011111001000000111111101010011111000101001110101100001100001110111110011100
10513,1100010011111001000000111111101010011111000101001110101100001100001110111110011101
9848,1100010011111001000000111111101010011111000101001110101100001100001111110000001010
9849,1100010011111001000000111111101010011111000101001110101100001100001111110000001011
9815,1100010011111001000000111111101010011111000101001110101100001100001111110000001100
9816,1100010011111001000000111111101010011111000101001110101100001100001111110000001101
2366,1100010011111001000000111111101010011111000101001110101100001100001111110000001110
9868,1100010011111001000000111111101010011111000101001110101100001100001111110000001111
9958,1100010011111001000000111111101010011111000101001110101100001100001111110110111010
9964,1100010011111001000000111111101010011111000101001110101100001100001111110110111011
9202,1100010011111001000000111111101010011111000101001110101100001100001111110110111110
10014,1100010011111001000000111111101010011111000101001110101100001100001111110110111111
6966,1100010011111001000000111111101010011111000101001110101100001100001111111111100000
10379,1100010011111001000000111111101010011111000101001110101100001100001111111111100001
10401,1100010011111001000000111111101010011111000101001110101100001100001111111111100010
10408,1100010011111001000000111111101010011111000101001110101100001100001111111111100011
10076,1100010011111001000000111111101010011111000101001110101100001100001111111111101110
10503,1100010011111001000000111111101010011111000101001110101100001100001111111111101111
9804,11000100111110010000001111111010100111110001010011101011000011000011111100000010110
9812,11000100111110010000001111111010100111110001010011101011000011000011111100000010111
9784,11000100111110010000001111111010100111110001010011101011000011000011111100000011000
9785,11000100111110010000001111111010100111110001010011101011000011000011111100000011001
2357,11000100111110010000001111111010100111110001010011101011000011000011111100000011100
2367,11000100111110010000001111111010100111110001010011101011000011000011111100000011101
9949,11000100111110010000001111111010100111110001010011101011000011000011111101101110100
9982,11000100111110010000001111111010100111110001010011101011000011000011111101101110101
9203,11000100111110010000001111111010100111110001010011101011000011000011111101101111100
10033,11000100111110010000001111111010100111110001010011101011000011000011111101101111101
6960,11000100111110010000001111111010100111110001010011101011000011000011111111111000000
6961,11000100111110010000001111111010100111110001010011101011000011000011111111111000001
10084,11000100111110010000001111111010100111110001010011101011000011000011111111111011100
10361,11000100111110010000001111111010100111110001010011101011000011000011111111111011101
10498,11000100111110010000001111111010100111110001010011101011000011000011111111111011110
10504,11000100111110010000001111111010100111110001010011101011000011000011111111111011111
9836,110001001111100100000011111110101001111100010100111010110000110000111111000000111000
9846,110001001111100100000011111110101001111100010100111010110000110000111111000000111001
9939,110001001111100100000011111110101001111100010100111010110000110000111111011011101000
9940,110001001111100100000011111110101001111100010100111010110000110000111111011011101001
9983,110001001111100100000011111110101001111100010100111010110000110000111111011011101010
9993,110001001111100100000011111110101001111100010100111010110000110000111111011011101011
10034,110001001111100100000011111110101001111100010100111010110000110000111111011011111010
10045,110001001111100100000011111110101001111100010100111010110000110000111111011011111011
6953,110001001111100100000011111110101001111100010100111010110000110000111111111110000010
6954,110001001111100100000011111110101001111100010100111010110000110000111111111110000011
10516,110001001111100100000011111110101001111100010100111010110000110000111111111110111010
10548,110001001111100100000011111110101001111100010100111010110000110000111111111110111011
10075,110001001111100100000011111110101001111100010100111010110000110000111111111110111110
10505,110001001111100100000011111110101001111100010100111010110000110000111111111110111111
9195,1100010011111001000000111111101010011111000101001110101100001100001111110000001110000
9199,1100010011111001000000111111101010011111000101001110101100001100001111110000001110001
9994,1100010011111001000000111111101010011111000101001110101100001100001111110110111010110
9998,1100010011111001000000111111101010011111000101001110101100001100001111110110111010111
6956,1100010011111001000000111111101010011111000101001110101100001100001111111111100000110
10372,1100010011111001000000111111101010011111000101001110101100001100001111111111100000111
10515,1100010011111001000000111111101010011111000101001110101100001100001111111111101110100
10531,1100010011111001000000111111101010011111000101001110101100001100001111111111101110101
10547,1100010011111001000000111111101010011111000101001110101100001100001111111111101110110
10588,1100010011111001000000111111101010011111000101001110101100001100001111111111101110111
10499,1100010011111001000000111111101010011111000101001110101100001100001111111111101111110
10506,1100010011111001000000111111101010011111000101001110101100001100001111111111101111111
9771,11000100111110010000001111111010100111110001010011101011000011000011111100000011100010
9772,11000100111110010000001111111010100111110001010011101011000011000011111100000011100011
6957,11000100111110010000001111111010100111110001010011101011000011000011111111111000001100
10398,11000100111110010000001111111010100111110001010011101011000011000011111111111000001101
10038,11000100111110010000001111111010100111110001010011101011000011000011111111111000001110
10039,11000100111110010000001111111010100111110001010011101011000011000011111111111000001111
10532,11000100111110010000001111111010100111110001010011101011000011000011111111111011101010
10542,11000100111110010000001111111010100111110001010011101011000011000011111111111011101011
10604,11000100111110010000001111111010100111110001010011101011000011000011111111111011101110
10615,11000100111110010000001111111010100111110001010011101011000011000011111111111011101111
10085,11000100111110010000001111111010100111110001010011101011000011000011111111111011111110
10507,11000100111110010000001111111010100111110001010011101011000011000011111111111011111111
9637,110001001111100100000011111110101001111100010100111010110000110000111111000000111000110
9641,110001001111100100000011111110101001111100010100111010110000110000111111000000111000111
6967,110001001111100100000011111110101001111100010100111010110000110000111111111110000011000
10396,110001001111100100000011111110101001111100010100111010110000110000111111111110000011001
9209,110001001111100100000011111110101001111100010100111010110000110000111111111110000011110
10047,110001001111100100000011111110101001111100010100111010110000110000111111111110000011111
10543,110001001111100100000011111110101001111100010100111010110000110000111111111110111010110
10573,110001001111100100000011111110101001111100010100111010110000110000111111111110111010111
10605,110001001111100100000011111110101001111100010100111010110000110000111111111110111011100
10622,110001001111100100000011111110101001111100010100111010110000110000111111111110111011101
10508,110001001111100100000011111110101001111100010100111010110000110000111111111110111111110
10509,110001001111100100000011111110101001111100010100111010110000110000111111111110111111111
9608,1100010011111001000000111111101010011111000101001110101100001100001111110000001110001100
9609,1100010011111001000000111111101010011111000101001110101100001100001111110000001110001101
9640,1100010011111001000000111111101010011111000101001110101100001100001111110000001110001110
9774,1100010011111001000000111111101010011111000101001110101100001100001111110000001110001111
6972,1100010011111001000000111111101010011111000101001110101100001100001111111111100000110000
10375,1100010011111001000000111111101010011111000101001110101100001100001111111111100000110001
10022,1100010011111001000000111111101010011111000101001110101100001100001111111111100000111100
10023,1100010011111001000000111111101010011111000101001110101100001100001111111111100000111101
10574,1100010011111001000000111111101010011111000101001110101100001100001111111111101110101110
10589,1100010011111001000000111111101010011111000101001110101100001100001111111111101110101111
10624,1100010011111001000000111111101010011111000101001110101100001100001111111111101110111010
10635,1100010011111001000000111111101010011111000101001110101100001100001111111111101110111011
10472,1100010011111001000000111111101010011111000101001110101100001100001111111111101111111100
10473,1100010011111001000000111111101010011111000101001110101100001100001111111111101111111101
10096,1100010011111001000000111111101010011111000101001110101100001100001111111111101111111110
10510,1100010011111001000000111111101010011111000101001110101100001100001111111111101111111111
9606,11000100111110010000001111111010100111110001010011101011000011000011111100000011100011000
9613,11000100111110010000001111111010100111110001010011101011000011000011111100000011100011001
9587,11000100111110010000001111111010100111110001010011101011000011000011111100000011100011100
9594,11000100111110010000001111111010100111110001010011101011000011000011111100000011100011101
9779,11000100111110010000001111111010100111110001010011101011000011000011111100000011100011110
9783,11000100111110010000001111111010100111110001010011101011000011000011111100000011100011111
6958,11000100111110010000001111111010100111110001010011101011000011000011111111111000001100000
10070,11000100111110010000001111111010100111110001010011101011000011000011111111111000001100001
10390,11000100111110010000001111111010100111110001010011101011000011000011111111111000001100010
10392,11000100111110010000001111111010100111110001010011101011000011000011111111111000001100011
9947,11000100111110010000001111111010100111110001010011101011000011000011111111111000001111000
9985,11000100111110010000001111111010100111110001010011101011000011000011111111111000001111001
10590,11000100111110010000001111111010100111110001010011101011000011000011111111111011101011110
10608,11000100111110010000001111111010100111110001010011101011000011000011111111111011101011111
10461,11000100111110010000001111111010100111110001010011101011000011000011111111111011111111010
10462,11000100111110010000001111111010100111110001010011101011000011000011111111111011111111011
10092,11000100111110010000001111111010100111110001010011101011000011000011111111111011111111100
10103,11000100111110010000001111111010100111110001010011101011000011000011111111111011111111101
10487,11000100111110010000001111111010100111110001010011101011000011000011111111111011111111110
10488,11000100111110010000001111111010100111110001010011101011000011000011111111111011111111111
9601,110001001111100100000011111110101001111100010100111010110000110000111111000000111000110000
9602,110001001111100100000011111110101001111100010100111010110000110000111111000000111000110001
9595,110001001111100100000011111110101001111100010100111010110000110000111111000000111000111010
9599,110001001111100100000011111110101001111100010100111010110000110000111111000000111000111011
9780,110001001111100100000011111110101001111100010100111010110000110000111111000000111000111100
9794,110001001111100100000011111110101001111100010100111010110000110000111111000000111000111101
9781,110001001111100100000011111110101001111100010100111010110000110000111111000000111000111110
9801,110001001111100100000011111110101001111100010100111010110000110000111111000000111000111111
10393,110001001111100100000011111110101001111100010100111010110000110000111111111110000011000110
10416,110001001111100100000011111110101001111100010100111010110000110000111111111110000011000111
9946,110001001111100100000011111110101001111100010100111010110000110000111111111110000011110000
9948,110001001111100100000011111110101001111100010100111010110000110000111111111110000011110001
10577,110001001111100100000011111110101001111100010100111010110000110000111111111110111010111100
10593,110001001111100100000011111110101001111100010100111010110000110000111111111110111010111101
10081,110001001111100100000011111110101001111100010100111010110000110000111111111110111111111010
10082,110001001111100100000011111110101001111100010100111010110000110000111111111110111111111011
10474,110001001111100100000011111110101001111100010100111010110000110000111111111110111111111110
10475,110001001111100100000011111110101001111100010100111010110000110000111111111110111111111111
9576,1100010011111001000000111111101010011111000101001110101100001100001111110000001110001100000
9577,1100010011111001000000111111101010011111000101001110101100001100001111110000001110001100001
9598,1100010011111001000000111111101010011111000101001110101100001100001111110000001110001100010
9607,1100010011111001000000111111101010011111000101001110101100001100001111110000001110001100011
9564,1100010011111001000000111111101010011111000101001110101100001100001111110000001110001110100
9565,1100010011111001000000111111101010011111000101001110101100001100001111110000001110001110101
9588,1100010011111001000000111111101010011111000101001110101100001100001111110000001110001110110
9593,1100010011111001000000111111101010011111000101001110101100001100001111110000001110001110111
9188,1100010011111001000000111111101010011111000101001110101100001100001111110000001110001111110
9824,1100010011111001000000111111101010011111000101001110101100001100001111110000001110001111111
10412,1100010011111001000000111111101010011111000101001110101100001100001111111111100000110001110
10419,1100010011111001000000111111101010011111000101001110101100001100001111111111100000110001111
9936,1100010011111001000000111111101010011111000101001110101100001100001111111111100000111100010
9965,1100010011111001000000111111101010011111000101001110101100001100001111111111100000111100011
10527,1100010011111001000000111111101010011111000101001110101100001100001111111111101110101111000
10533,1100010011111001000000111111101010011111000101001110101100001100001111111111101110101111001
10609,1100010011111001000000111111101010011111000101001110101100001100001111111111101110101111010
10616,1100010011111001000000111111101010011111000101001110101100001100001111111111101110101111011
10468,1100010011111001000000111111101010011111000101001110101100001100001111111111101111111111110
10482,1100010011111001000000111111101010011111000101001110101100001100001111111111101111111111111
9553,11000100111110010000001111111010100111110001010011101011000011000011111100000011100011000010
9554,11000100111110010000001111111010100111110001010011101011000011000011111100000011100011000011
9591,11000100111110010000001111111010100111110001010011101011000011000011111100000011100011000100
9600,11000100111110010000001111111010100111110001010011101011000011000011111100000011100011000101
9522,11000100111110010000001111111010100111110001010011101011000011000011111100000011100011101010
9524,11000100111110010000001111111010100111110001010011101011000011000011111100000011100011101011
9551,11000100111110010000001111111010100111110001010011101011000011000011111100000011100011101100
9569,11000100111110010000001111111010100111110001010011101011000011000011111100000011100011101101
9189,11000100111110010000001111111010100111110001010011101011000011000011111100000011100011111100
9817,11000100111110010000001111111010100111110001010011101011000011000011111100000011100011111101
10417,11000100111110010000001111111010100111110001010011101011000011000011111111111000001100011110
10432,11000100111110010000001111111010100111110001010011101011000011000011111111111000001100011111
9931,11000100111110010000001111111010100111110001010011101011000011000011111111111000001111000100
9932,11000100111110010000001111111010100111110001010011101011000011000011111111111000001111000101
10362,11000100111110010000001111111010100111110001010011101011000011000011111111111011101011110000
10363,11000100111110010000001111111010100111110001010011101011000011000011111111111011101011110001
10553,11000100111110010000001111111010100111110001010011101011000011000011111111111011101011110100
10558,11000100111110010000001111111010100111110001010011101011000011000011111111111011101011110101
5066,11000100111110010000001111111010100111110001010011101011000011000011111111111011111111111110
10483,11000100111110010000001111111010100111110001010011101011000011000011111111111011111111111111
9488,110001001111100100000011111110101001111100010100111010110000110000111111000000111000111010100
9489,110001001111100100000011111110101001111100010100111010110000110000111111000000111000111010101
9549,110001001111100100000011111110101001111100010100111010110000110000111111000000111000111011000
9563,110001001111100100000011111110101001111100010100111010110000110000111111000000111000111011001
9190,110001001111100100000011111110101001111100010100111010110000110000111111000000111000111111000
9838,110001001111100100000011111110101001111100010100111010110000110000111111000000111000111111001
9928,110001001111100100000011111110101001111100010100111010110000110000111111111110000011110001010
9980,110001001111100100000011111110101001111100010100111010110000110000111111111110000011110001011
10534,110001001111100100000011111110101001111100010100111010110000110000111111111110111010111101000
10535,110001001111100100000011111110101001111100010100111010110000110000111111111110111010111101001
1060,110001001111100100000011111110101001111100010100111010110000110000111111111110111111111111100
5064,110001001111100100000011111110101001111100010100111010110000110000111111111110111111111111101
9480,1100010011111001000000111111101010011111000101001110101100001100001111110000001110001110101000
9485,1100010011111001000000111111101010011111000101001110101100001100001111110000001110001110101001
9528,1100010011111001000000111111101010011111000101001110101100001100001111110000001110001110110000
9529,1100010011111001000000111111101010011111000101001110101100001100001111110000001110001110110001
9808,1100010011111001000000111111101010011111000101001110101100001100001111110000001110001111110000
9809,1100010011111001000000111111101010011111000101001110101100001100001111110000001110001111110001
9855,1100010011111001000000111111101010011111000101001110101100001100001111110000001110001111110010
9876,1100010011111001000000111111101010011111000101001110101100001100001111110000001110001111110011
9922,1100010011111001000000111111101010011111000101001110101100001100001111111111100000111100010100
9953,1100010011111001000000111111101010011111000101001110101100001100001111111111100000111100010101
9493,11000100111110010000001111111010100111110001010011101011000011000011111100000011100011101100000
9495,11000100111110010000001111111010100111110001010011101011000011000011111100000011100011101100001
9520,11000100111110010000001111111010100111110001010011101011000011000011111100000011100011101100010
9547,11000100111110010000001111111010100111110001010011101011000011000011111100000011100011101100011
9795,11000100111110010000001111111010100111110001010011101011000011000011111100000011100011111100000
9796,11000100111110010000001111111010100111110001010011101011000011000011111100000011100011111100001
9786,11000100111110010000001111111010100111110001010011101011000011000011111100000011100011111100010
9787,11000100111110010000001111111010100111110001010011101011000011000011111100000011100011111100011
9878,11000100111110010000001111111010100111110001010011101011000011000011111100000011100011111100110
9882,11000100111110010000001111111010100111110001010011101011000011000011111100000011100011111100111
9907,11000100111110010000001111111010100111110001010011101011000011000011111111111000001111000101000
9908,11000100111110010000001111111010100111110001010011101011000011000011111111111000001111000101001
9954,11000100111110010000001111111010100111110001010011101011000011000011111111111000001111000101010
9987,11000100111110010000001111111010100111110001010011101011000011000011111111111000001111000101011
9466,110001001111100100000011111110101001111100010100111010110000110000111111000000111000111011000000
9467,110001001111100100000011111110101001111100010100111010110000110000111111000000111000111011000001
9511,110001001111100100000011111110101001111100010100111010110000110000111111000000111000111011000100
9525,110001001111100100000011111110101001111100010100111010110000110000111111000000111000111011000101
9631,110001001111100100000011111110101001111100010100111010110000110000111111000000111000111111000100
9632,110001001111100100000011111110101001111100010100111010110000110000111111000000111000111111000101
9776,110001001111100100000011111110101001111100010100111010110000110000111111000000111000111111000110
9799,110001001111100100000011111110101001111100010100111010110000110000111111000000111000111111000111
2338,110001001111100100000011111110101001111100010100111010110000110000111111000000111000111111001100
9879,110001001111100100000011111110101001111100010100111010110000110000111111000000111000111111001101
9955,110001001111100100000011111110101001111100010100111010110000110000111111111110000011110001010100
9967,110001001111100100000011111110101001111100010100111010110000110000111111111110000011110001010101
9997,110001001111100100000011111110101001111100010100111010110000110000111111111110000011110001010110
10000,110001001111100100000011111110101001111100010100111010110000110000111111111110000011110001010111
9424,1100010011111001000000111111101010011111000101001110101100001100001111110000001110001110110000000
9425,1100010011111001000000111111101010011111000101001110101100001100001111110000001110001110110000001
9475,1100010011111001000000111111101010011111000101001110101100001100001111110000001110001110110001000
9476,1100010011111001000000111111101010011111000101001110101100001100001111110000001110001110110001001
9526,1100010011111001000000111111101010011111000101001110101100001100001111110000001110001110110001010
9533,1100010011111001000000111111101010011111000101001110101100001100001111110000001110001110110001011
9621,1100010011111001000000111111101010011111000101001110101100001100001111110000001110001111110001100
9622,1100010011111001000000111111101010011111000101001110101100001100001111110000001110001111110001101
2347,1100010011111001000000111111101010011111000101001110101100001100001111110000001110001111110011000
2348,1100010011111001000000111111101010011111000101001110101100001100001111110000001110001111110011001
9204,1100010011111001000000111111101010011111000101001110101100001100001111111111100000111100010101100
10018,1100010011111001000000111111101010011111000101001110101100001100001111111111100000111100010101101
9416,11000100111110010000001111111010100111110001010011101011000011000011111100000011100011101100000000
9422,11000100111110010000001111111010100111110001010011101011000011000011111100000011100011101100000001
9462,11000100111110010000001111111010100111110001010011101011000011000011111100000011100011101100010010
9491,11000100111110010000001111111010100111110001010011101011000011000011111100000011100011101100010011
9538,11000100111110010000001111111010100111110001010011101011000011000011111100000011100011101100010110
9546,11000100111110010000001111111010100111110001010011101011000011000011111100000011100011101100010111
2349,11000100111110010000001111111010100111110001010011101011000011000011111100000011100011111100110010
2362,11000100111110010000001111111010100111110001010011101011000011000011111100000011100011111100110011
9410,110001001111100100000011111110101001111100010100111010110000110000111111000000111000111011000000000
9414,110001001111100100000011111110101001111100010100111010110000110000111111000000111000111011000000001
9428,110001001111100100000011111110101001111100010100111010110000110000111111000000111000111011000100100
9429,110001001111100100000011111110101001111100010100111010110000110000111111000000111000111011000100101
9550,110001001111100100000011111110101001111100010100111010110000110000111111000000111000111011000101110
9566,110001001111100100000011111110101001111100010100111010110000110000111111000000111000111011000101111
9864,110001001111100100000011111110101001111100010100111010110000110000111111000000111000111111001100100
9865,110001001111100100000011111110101001111100010100111010110000110000111111000000111000111111001100101
2364,110001001111100100000011111110101001111100010100111010110000110000111111000000111000111111001100110
9898,110001001111100100000011111110101001111100010100111010110000110000111111000000111000111111001100111
9423,1100010011111001000000111111101010011111000101001110101100001100001111110000001110001110110001001000
9438,1100010011111001000000111111101010011111000101001110101100001100001111110000001110001110110001001001
9851,1100010011111001000000111111101010011111000101001110101100001100001111110000001110001111110011001000
9852,1100010011111001000000111111101010011111000101001110101100001100001111110000001110001111110011001001
9196,1100010011111001000000111111101010011111000101001110101100001100001111110000001110001111110011001010
9827,1100010011111001000000111111101010011111000101001110101100001100001111110000001110001111110011001011
9899,1100010011111001000000111111101010011111000101001110101100001100001111110000001110001111110011001110
9909,1100010011111001000000111111101010011111000101001110101100001100001111110000001110001111110011001111
9407,11000100111110010000001111111010100111110001010011101011000011000011111100000011100011101100010010000
9418,11000100111110010000001111111010100111110001010011101011000011000011111100000011100011101100010010001
9439,11000100111110010000001111111010100111110001010011101011000011000011111100000011100011101100010010010
9463,11000100111110010000001111111010100111110001010011101011000011000011111100000011100011101100010010011
9813,11000100111110010000001111111010100111110001010011101011000011000011111100000011100011111100110010100
9818,11000100111110010000001111111010100111110001010011101011000011000011111100000011100011111100110010101
2343,11000100111110010000001111111010100111110001010011101011000011000011111100000011100011111100110011100
9883,11000100111110010000001111111010100111110001010011101011000011000011111100000011100011111100110011101
9910,11000100111110010000001111111010100111110001010011101011000011000011111100000011100011111100110011110
9911,11000100111110010000001111111010100111110001010011101011000011000011111100000011100011111100110011111
1500,110001001111100100000011111110101001111100010100111010110000110000111111000000111000111011000100100000
5376,110001001111100100000011111110101001111100010100111010110000110000111111000000111000111011000100100001
9427,110001001111100100000011111110101001111100010100111010110000110000111111000000111000111011000100100100
9430,110001001111100100000011111110101001111100010100111010110000110000111111000000111000111011000100100101
9471,110001001111100100000011111110101001111100010100111010110000110000111111000000111000111011000100100110
9487,110001001111100100000011111110101001111100010100111010110000110000111111000000111000111011000100100111
9182,1100010011111001000000111111101010011111000101001110101100001100001111110000001110001110110001001000010
9183,1100010011111001000000111111101010011111000101001110101100001100001111110000001110001110110001001000011
1505,1100010011111001000000111111101010011111000101001110101100001100001111110000001110001110110001001001000
9411,1100010011111001000000111111101010011111000101001110101100001100001111110000001110001110110001001001001
9496,1100010011111001000000111111101010011111000101001110101100001100001111110000001110001110110001001001110
9517,1100010011111001000000111111101010011111000101001110101100001100001111110000001110001110110001001001111
9377,11000100111110010000001111111010100111110001010011101011000011000011111100000011100011101100010010000100
9403,11000100111110010000001111111010100111110001010011101011000011000011111100000011100011101100010010000101
9366,11000100111110010000001111111010100111110001010011101011000011000011111100000011100011101100010010000110
9367,11000100111110010000001111111010100111110001010011101011000011000011111100000011100011101100010010000111
9176,11000100111110010000001111111010100111110001010011101011000011000011111100000011100011101100010010010000
9177,11000100111110010000001111111010100111110001010011101011000011000011111100000011100011101100010010010001
9412,11000100111110010000001111111010100111110001010011101011000011000011111100000011100011101100010010010010
9417,11000100111110010000001111111010100111110001010011101011000011000011111100000011100011101100010010010011
9518,11000100111110010000001111111010100111110001010011101011000011000011111100000011100011101100010010011110
9519,11000100111110010000001111111010100111110001010011101011000011000011111100000011100011101100010010011111
9355,110001001111100100000011111110101001111100010100111010110000110000111111000000111000111011000100100001000
9370,110001001111100100000011111110101001111100010100111010110000110000111111000000111000111011000100100001001
9349,110001001111100100000011111110101001111100010100111010110000110000111111000000111000111011000100100001100
9350,110001001111100100000011111110101001111100010100111010110000110000111111000000111000111011000100100001101
9344,110001001111100100000011111110101001111100010100111010110000110000111111000000111000111011000100100001110
9345,110001001111100100000011111110101001111100010100111010110000110000111111000000111000111011000100100001111
9368,110001001111100100000011111110101001111100010100111010110000110000111111000000111000111011000100100100010
9369,110001001111100100000011111110101001111100010100111010110000110000111111000000111000111011000100100100011
9408,110001001111100100000011111110101001111100010100111010110000110000111111000000111000111011000100100100100
9415,110001001111100100000011111110101001111100010100111010110000110000111111000000111000111011000100100100101
9540,110001001111100100000011111110101001111100010100111010110000110000111111000000111000111011000100100111110
9548,110001001111100100000011111110101001111100010100111010110000110000111111000000111000111011000100100111111
9343,1100010011111001000000111111101010011111000101001110101100001100001111110000001110001110110001001000010000
9363,1100010011111001000000111111101010011111000101001110101100001100001111110000001110001110110001001000010001
9305,1100010011111001000000111111101010011111000101001110101100001100001111110000001110001110110001001000011010
9306,1100010011111001000000111111101010011111000101001110101100001100001111110000001110001110110001001000011011
9187,1100010011111001000000111111101010011111000101001110101100001100001111110000001110001110110001001001000110
9356,1100010011111001000000111111101010011111000101001110101100001100001111110000001110001110110001001001000111
9542,1100010011111001000000111111101010011111000101001110101100001100001111110000001110001110110001001001111100
9571,1100010011111001000000111111101010011111000101001110101100001100001111110000001110001110110001001001111101
9310,11000100111110010000001111111010100111110001010011101011000011000011111100000011100011101100010010000100000
9311,11000100111110010000001111111010100111110001010011101011000011000011111100000011100011101100010010000100001
9338,11000100111110010000001111111010100111110001010011101011000011000011111100000011100011101100010010010001110
9339,11000100111110010000001111111010100111110001010011101011000011000011111100000011100011101100010010010001111
9543,11000100111110010000001111111010100111110001010011101011000011000011111100000011100011101100010010011111000
9556,11000100111110010000001111111010100111110001010011101011000011000011111100000011100011101100010010011111001
9579,11000100111110010000001111111010100111110001010011101011000011000011111100000011100011101100010010011111010
9584,11000100111110010000001111111010100111110001010011101011000011000011111100000011100011101100010010011111011
9297,110001001111100100000011111110101001111100010100111010110000110000111111000000111000111011000100100001000000
30168,110001001111100100000011111110101001111100010100111010110000110000111111000000111000111011000100100001000001
9320,110001001111100100000011111110101001111100010100111010110000110000111111000000111000111011000100100100011110
9325,110001001111100100000011111110101001111100010100111010110000110000111111000000111000111011000100100100011111
9561,110001001111100100000011111110101001111100010100111010110000110000111111000000111000111011000100100111110010
9570,110001001111100100000011111110101001111100010100111010110000110000111111000000111000111011000100100111110011
1255,1100010011111001000000111111101010011111000101001110101100001100001111110000001110001110110001001000010000000
1256,1100010011111001000000111111101010011111000101001110101100001100001111110000001110001110110001001000010000001
9296,1100010011111001000000111111101010011111000101001110101100001100001111110000001110001110110001001000010000010
9304,1100010011111001000000111111101010011111000101001110101100001100001111110000001110001110110001001000010000011
9293,1100010011111001000000111111101010011111000101001110101100001100001111110000001110001110110001001001000111100
9294,1100010011111001000000111111101010011111000101001110101100001100001111110000001110001110110001001001000111101
9329,1100010011111001000000111111101010011111000101001110101100001100001111110000001110001110110001001001000111110
9340,1100010011111001000000111111101010011111000101001110101100001100001111110000001110001110110001001001000111111
9562,1100010011111001000000111111101010011111000101001110101100001100001111110000001110001110110001001001111100100
9617,1100010011111001000000111111101010011111000101001110101100001100001111110000001110001110110001001001111100101
1269,11000100111110010000001111111010100111110001010011101011000011000011111100000011100011101100010010000100000100
1270,11000100111110010000001111111010100111110001010011101011000011000011111100000011100011101100010010000100000101
9161,11000100111110010000001111111010100111110001010011101011000011000011111100000011100011101100010010010001111000
9162,11000100111110010000001111111010100111110001010011101011000011000011111100000011100011101100010010010001111001
1262,11000100111110010000001111111010100111110001010011101011000011000011111100000011100011101100010010010001111010
1264,11000100111110010000001111111010100111110001010011101011000011000011111100000011100011101100010010010001111011
9330,11000100111110010000001111111010100111110001010011101011000011000011111100000011100011101100010010010001111100
9353,11000100111110010000001111111010100111110001010011101011000011000011111100000011100011101100010010010001111101
9557,11000100111110010000001111111010100111110001010011101011000011000011111100000011100011101100010010011111001000
9558,11000100111110010000001111111010100111110001010011101011000011000011111100000011100011101100010010011111001001
9627,11000100111110010000001111111010100111110001010011101011000011000011111100000011100011101100010010011111001010
9633,11000100111110010000001111111010100111110001010011101011000011000011111100000011100011101100010010011111001011
9279,110001001111100100000011111110101001111100010100111010110000110000111111000000111000111011000100100001000001000
9280,110001001111100100000011111110101001111100010100111010110000110000111111000000111000111011000100100001000001001
9166,110001001111100100000011111110101001111100010100111010110000110000111111000000111000111011000100100001000001010
9167,110001001111100100000011111110101001111100010100111010110000110000111111000000111000111011000100100001000001011
9147,110001001111100100000011111110101001111100010100111010110000110000111111000000111000111011000100100100011110000
9148,110001001111100100000011111110101001111100010100111010110000110000111111000000111000111011000100100100011110001
9278,110001001111100100000011111110101001111100010100111010110000110000111111000000111000111011000100100100011110110
9354,110001001111100100000011111110101001111100010100111010110000110000111111000000111000111011000100100100011110111
9539,110001001111100100000011111110101001111100010100111010110000110000111111000000111000111011000100100111110010000
9541,110001001111100100000011111110101001111100010100111010110000110000111111000000111000111011000100100111110010001
9623,110001001111100100000011111110101001111100010100111010110000110000111111000000111000111011000100100111110010100
9624,110001001111100100000011111110101001111100010100111010110000110000111111000000111000111011000100100111110010101
9635,110001001111100100000011111110101001111100010100111010110000110000111111000000111000111011000100100111110010110
9638,110001001111100100000011111110101001111100010100111010110000110000111111000000111000111011000100100111110010111
9145,1100010011111001000000111111101010011111000101001110101100001100001111110000001110001110110001001001000111100000
9146,1100010011111001000000111111101010011111000101001110101100001100001111110000001110001110110001001001000111100001
9115,1100010011111001000000111111101010011111000101001110101100001100001111110000001110001110110001001001000111100010
9119,1100010011111001000000111111101010011111000101001110101100001100001111110000001110001110110001001001000111100011
9277,1100010011111001000000111111101010011111000101001110101100001100001111110000001110001110110001001001000111101100
9286,1100010011111001000000111111101010011111000101001110101100001100001111110000001110001110110001001001000111101101
9178,1100010011111001000000111111101010011111000101001110101100001100001111110000001110001110110001001001000111101110
9378,1100010011111001000000111111101010011111000101001110101100001100001111110000001110001110110001001001000111101111
9508,1100010011111001000000111111101010011111000101001110101100001100001111110000001110001110110001001001111100100000
9510,1100010011111001000000111111101010011111000101001110101100001100001111110000001110001110110001001001111100100001
9610,1100010011111001000000111111101010011111000101001110101100001100001111110000001110001110110001001001111100101000
9611,1100010011111001000000111111101010011111000101001110101100001100001111110000001110001110110001001001111100101001
9634,1100010011111001000000111111101010011111000101001110101100001100001111110000001110001110110001001001111100101100
9639,1100010011111001000000111111101010011111000101001110101100001100001111110000001110001110110001001001111100101101
9777,1100010011111001000000111111101010011111000101001110101100001100001111110000001110001110110001001001111100101110
9789,1100010011111001000000111111101010011111000101001110101100001100001111110000001110001110110001001001111100101111
9150,11000100111110010000001111111010100111110001010011101011000011000011111100000011100011101100010010010001111000000
9156,11000100111110010000001111111010100111110001010011101011000011000011111100000011100011101100010010010001111000001
9143,11000100111110010000001111111010100111110001010011101011000011000011111100000011100011101100010010010001111000010
9160,11000100111110010000001111111010100111110001010011101011000011000011111100000011100011101100010010010001111000011
9055,11000100111110010000001111111010100111110001010011101011000011000011111100000011100011101100010010010001111000100
9056,11000100111110010000001111111010100111110001010011101011000011000011111100000011100011101100010010010001111000101
9174,11000100111110010000001111111010100111110001010011101011000011000011111100000011100011101100010010010001111011000
9271,11000100111110010000001111111010100111110001010011101011000011000011111100000011100011101100010010010001111011001
1257,11000100111110010000001111111010100111110001010011101011000011000011111100000011100011101100010010010001111011010
1504,11000100111110010000001111111010100111110001010011101011000011000011111100000011100011101100010010010001111011011
5372,11000100111110010000001111111010100111110001010011101011000011000011111100000011100011101100010010010001111011100
5375,11000100111110010000001111111010100111110001010011101011000011000011111100000011100011101100010010010001111011101
9481,11000100111110010000001111111010100111110001010011101011000011000011111100000011100011101100010010011111001000010
9482,11000100111110010000001111111010100111110001010011101011000011000011111100000011100011101100010010011111001000011
9197,11000100111110010000001111111010100111110001010011101011000011000011111100000011100011101100010010011111001011100
30169,11000100111110010000001111111010100111110001010011101011000011000011111100000011100011101100010010011111001011101
9788,11000100111110010000001111111010100111110001010011101011000011000011111100000011100011101100010010011111001011110
9797,11000100111110010000001111111010100111110001010011101011000011000011111100000011100011101100010010011111001011111
9137,110001001111100100000011111110101001111100010100111010110000110000111111000000111000111011000100100100011110000100
9157,110001001111100100000011111110101001111100010100111010110000110000111111000000111000111011000100100100011110000101
9039,110001001111100100000011111110101001111100010100111010110000110000111111000000111000111011000100100100011110001010
30167,110001001111100100000011111110101001111100010100111010110000110000111111000000111000111011000100100100011110001011
1258,110001001111100100000011111110101001111100010100111010110000110000111111000000111000111011000100100100011110110100
9312,110001001111100100000011111110101001111100010100111010110000110000111111000000111000111011000100100100011110110101
9400,110001001111100100000011111110101001111100010100111010110000110000111111000000111000111011000100100100011110111010
9431,110001001111100100000011111110101001111100010100111010110000110000111111000000111000111011000100100100011110111011
9477,110001001111100100000011111110101001111100010100111010110000110000111111000000111000111011000100100111110010000110
9478,110001001111100100000011111110101001111100010100111010110000110000111111000000111000111011000100100111110010000111
9193,110001001111100100000011111110101001111100010100111010110000110000111111000000111000111011000100100111110010111010
9778,110001001111100100000011111110101001111100010100111010110000110000111111000000111000111011000100100111110010111011
9773,110001001111100100000011111110101001111100010100111010110000110000111111000000111000111011000100100111110010111110
9775,110001001111100100000011111110101001111100010100111010110000110000111111000000111000111011000100100111110010111111
9107,1100010011111001000000111111101010011111000101001110101100001100001111110000001110001110110001001001000111100001000
9108,1100010011111001000000111111101010011111000101001110101100001100001111110000001110001110110001001001000111100001001
9168,1100010011111001000000111111101010011111000101001110101100001100001111110000001110001110110001001001000111100001010
9171,1100010011111001000000111111101010011111000101001110101100001100001111110000001110001110110001001001000111100001011
9040,1100010011111001000000111111101010011111000101001110101100001100001111110000001110001110110001001001000111100010110
9049,1100010011111001000000111111101010011111000101001110101100001100001111110000001110001110110001001001000111100010111
1254,1100010011111001000000111111101010011111000101001110101100001100001111110000001110001110110001001001000111101101000
1263,1100010011111001000000111111101010011111000101001110101100001100001111110000001110001110110001001001000111101101001
9441,1100010011111001000000111111101010011111000101001110101100001100001111110000001110001110110001001001000111101110110
9448,1100010011111001000000111111101010011111000101001110101100001100001111110000001110001110110001001001000111101110111
9474,1100010011111001000000111111101010011111000101001110101100001100001111110000001110001110110001001001111100100001110
9498,1100010011111001000000111111101010011111000101001110101100001100001111110000001110001110110001001001111100100001111
9198,1100010011111001000000111111101010011111000101001110101100001100001111110000001110001110110001001001111100101110100
9828,1100010011111001000000111111101010011111000101001110101100001100001111110000001110001110110001001001111100101110101
9089,11000100111110010000001111111010100111110001010011101011000011000011111100000011100011101100010010010001111000010000
9091,11000100111110010000001111111010100111110001010011101011000011000011111100000011100011101100010010010001111000010001
9050,11000100111110010000001111111010100111110001010011101011000011000011111100000011100011101100010010010001111000101110
9057,11000100111110010000001111111010100111110001010011101011000011000011111100000011100011101100010010010001111000101111
1259,11000100111110010000001111111010100111110001010011101011000011000011111100000011100011101100010010010001111011010010
9307,11000100111110010000001111111010100111110001010011101011000011000011111100000011100011101100010010010001111011010011
9501,11000100111110010000001111111010100111110001010011101011000011000011111100000011100011101100010010011111001000011110
9509,11000100111110010000001111111010100111110001010011101011000011000011111100000011100011101100010010011111001000011111
9191,11000100111110010000001111111010100111110001010011101011000011000011111100000011100011101100010010011111001011101000
9841,11000100111110010000001111111010100111110001010011101011000011000011111100000011100011101100010010011111001011101001
30170,11000100111110010000001111111010100111110001010011101011000011000011111100000011100011101100010010011111001011101010
9088,110001001111100100000011111110101001111100010100111010110000110000111111000000111000111011000100100100011110000100010
9090,110001001111100100000011111110101001111100010100111010110000110000111111000000111000111011000100100100011110000100011
9058,110001001111100100000011111110101001111100010100111010110000110000111111000000111000111011000100100100011110001011110
9083,110001001111100100000011111110101001111100010100111010110000110000111111000000111000111011000100100100011110001011111
9287,110001001111100100000011111110101001111100010100111010110000110000111111000000111000111011000100100100011110110100100
9288,110001001111100100000011111110101001111100010100111010110000110000111111000000111000111011000100100100011110110100101
9316,110001001111100100000011111110101001111100010100111010110000110000111111000000111000111011000100100100011110110100110
9358,110001001111100100000011111110101001111100010100111010110000110000111111000000111000111011000100100100011110110100111
9842,110001001111100100000011111110101001111100010100111010110000110000111111000000111000111011000100100111110010111010010
9863,110001001111100100000011111110101001111100010100111010110000110000111111000000111000111011000100100111110010111010011
9832,110001001111100100000011111110101001111100010100111010110000110000111111000000111000111011000100100111110010111010100
9856,110001001111100100000011111110101001111100010100111010110000110000111111000000111000111011000100100111110010111010101
9063,1100010011111001000000111111101010011111000101001110101100001100001111110000001110001110110001001001000111100001000100
9064,1100010011111001000000111111101010011111000101001110101100001100001111110000001110001110110001001001000111100001000101
9084,1100010011111001000000111111101010011111000101001110101100001100001111110000001110001110110001001001000111100001000110
9136,1100010011111001000000111111101010011111000101001110101100001100001111110000001110001110110001001001000111100001000111
9085,1100010011111001000000111111101010011111000101001110101100001100001111110000001110001110110001001001000111100010111110
9087,1100010011111001000000111111101010011111000101001110101100001100001111110000001110001110110001001001000111100010111111
9283,1100010011111001000000111111101010011111000101001110101100001100001111110000001110001110110001001001000111101101001010
9289,1100010011111001000000111111101010011111000101001110101100001100001111110000001110001110110001001001000111101101001011
9175,1100010011111001000000111111101010011111000101001110101100001100001111110000001110001110110001001001000111101101001100
9351,1100010011111001000000111111101010011111000101001110101100001100001111110000001110001110110001001001000111101101001101
9819,1100010011111001000000111111101010011111000101001110101100001100001111110000001110001110110001001001111100101110100100
9820,1100010011111001000000111111101010011111000101001110101100001100001111110000001110001110110001001001111100101110100101
9867,1100010011111001000000111111101010011111000101001110101100001100001111110000001110001110110001001001111100101110100110
9877,1100010011111001000000111111101010011111000101001110101100001100001111110000001110001110110001001001111100101110100111
9866,1100010011111001000000111111101010011111000101001110101100001100001111110000001110001110110001001001111100101110101010
9885,1100010011111001000000111111101010011111000101001110101100001100001111110000001110001110110001001001111100101110101011
9019,11000100111110010000001111111010100111110001010011101011000011000011111100000011100011101100010010010001111000010001000
9020,11000100111110010000001111111010100111110001010011101011000011000011111100000011100011101100010010010001111000010001001
9070,11000100111110010000001111111010100111110001010011101011000011000011111100000011100011101100010010010001111000010001100
9078,11000100111110010000001111111010100111110001010011101011000011000011111100000011100011101100010010010001111000010001101
9140,11000100111110010000001111111010100111110001010011101011000011000011111100000011100011101100010010010001111000010001110
9153,11000100111110010000001111111010100111110001010011101011000011000011111100000011100011101100010010010001111000010001111
9086,11000100111110010000001111111010100111110001010011101011000011000011111100000011100011101100010010010001111000101111100
9103,11000100111110010000001111111010100111110001010011101011000011000011111100000011100011101100010010010001111000101111101
1252,11000100111110010000001111111010100111110001010011101011000011000011111100000011100011101100010010010001111011010010110
9284,11000100111110010000001111111010100111110001010011101011000011000011111100000011100011101100010010010001111011010010111
9386,11000100111110010000001111111010100111110001010011101011000011000011111100000011100011101100010010010001111011010011000
9395,11000100111110010000001111111010100111110001010011101011000011000011111100000011100011101100010010010001111011010011001
9352,11000100111110010000001111111010100111110001010011101011000011000011111100000011100011101100010010010001111011010011010
9380,11000100111110010000001111111010100111110001010011101011000011000011111100000011100011101100010010010001111011010011011
9884,11000100111110010000001111111010100111110001010011101011000011000011111100000011100011101100010010011111001011101001110
9889,11000100111110010000001111111010100111110001010011101011000011000011111100000011100011101100010010011111001011101001111
9045,110001001111100100000011111110101001111100010100111010110000110000111111000000111000111011000100100100011110000100011000
9046,110001001111100100000011111110101001111100010100111010110000110000111111000000111000111011000100100100011110000100011001
9112,110001001111100100000011111110101001111100010100111010110000110000111111000000111000111011000100100100011110001011111010
9123,110001001111100100000011111110101001111100010100111010110000110000111111000000111000111011000100100100011110001011111011
9409,110001001111100100000011111110101001111100010100111010110000110000111111000000111000111011000100100100011110110100110010
9435,110001001111100100000011111110101001111100010100111010110000110000111111000000111000111011000100100100011110110100110011
9381,110001001111100100000011111110101001111100010100111010110000110000111111000000111000111011000100100100011110110100110110
9390,110001001111100100000011111110101001111100010100111010110000110000111111000000111000111011000100100100011110110100110111
2344,110001001111100100000011111110101001111100010100111010110000110000111111000000111000111011000100100111110010111010011110
2346,110001001111100100000011111110101001111100010100111010110000110000111111000000111000111011000100100111110010111010011111
9028,1100010011111001000000111111101010011111000101001110101100001100001111110000001110001110110001001001000111100001000110000
9029,1100010011111001000000111111101010011111000101001110101100001100001111110000001110001110110001001001000111100001000110001
9092,1100010011111001000000111111101010011111000101001110101100001100001111110000001110001110110001001001000111100010111110100
9093,1100010011111001000000111111101010011111000101001110101100001100001111110000001110001110110001001001000111100010111110101
9364,1100010011111001000000111111101010011111000101001110101100001100001111110000001110001110110001001001000111101101001101100
9365,1100010011111001000000111111101010011111000101001110101100001100001111110000001110001110110001001001000111101101001101101
2350,1100010011111001000000111111101010011111000101001110101100001100001111110000001110001110110001001001111100101110100111100
2365,1100010011111001000000111111101010011111000101001110101100001100001111110000001110001110110001001001111100101110100111101
9027,11000100111110010000001111111010100111110001010011101011000011000011111100000011100011101100010010010001111000010001100000
9044,11000100111110010000001111111010100111110001010011101011000011000011111100000011100011101100010010010001111000010001100001
9096,11000100111110010000001111111010100111110001010011101011000011000011111100000011100011101100010010010001111000101111101010
9149,11000100111110010000001111111010100111110001010011101011000011000011111100000011100011101100010010010001111000101111101011
9361,11000100111110010000001111111010100111110001010011101011000011000011111100000011100011101100010010010001111011010011011010
9383,11000100111110010000001111111010100111110001010011101011000011000011111100000011100011101100010010010001111011010011011011
2358,11000100111110010000001111111010100111110001010011101011000011000011111100000011100011101100010010011111001011101001111000
9895,11000100111110010000001111111010100111110001010011101011000011000011111100000011100011101100010010011111001011101001111001
9082,110001001111100100000011111110101001111100010100111010110000110000111111000000111000111011000100100100011110001011111010100
9132,110001001111100100000011111110101001111100010100111010110000110000111111000000111000111011000100100100011110001011111010101
2352,110001001111100100000011111110101001111100010100111010110000110000111111000000111000111011000100100111110010111010011110000
9893,110001001111100100000011111110101001111100010100111010110000110000111111000000111000111011000100100111110010111010011110001
9074,1100010011111001000000111111101010011111000101001110101100001100001111110000001110001110110001001001000111100010111110101000
9075,1100010011111001000000111111101010011111000101001110101100001100001111110000001110001110110001001001000111100010111110101001
9869,1100010011111001000000111111101010011111000101001110101100001100001111110000001110001110110001001001111100101110100111100000
9870,1100010011111001000000111111101010011111000101001110101100001100001111110000001110001110110001001001111100101110100111100001
9894,1100010011111001000000111111101010011111000101001110101100001100001111110000001110001110110001001001111100101110100111100010
9905,1100010011111001000000111111101010011111000101001110101100001100001111110000001110001110110001001001111100101110100111100011
9076,11000100111110010000001111111010100111110001010011101011000011000011111100000011100011101100010010010001111000101111101010010
9097,11000100111110010000001111111010100111110001010011101011000011000011111100000011100011101100010010010001111000101111101010011
9843,11000100111110010000001111111010100111110001010011101011000011000011111100000011100011101100010010011111001011101001111000010
9844,11000100111110010000001111111010100111110001010011101011000011000011111100000011100011101100010010011111001011101001111000011
9906,11000100111110010000001111111010100111110001010011101011000011000011111100000011100011101100010010011111001011101001111000110
9915,11000100111110010000001111111010100111110001010011101011000011000011111100000011100011101100010010011111001011101001111000111
9840,110001001111100100000011111110101001111100010100111010110000110000111111000000111000111011000100100111110010111010011110000110
9847,110001001111100100000011111110101001111100010100111010110000110000111111000000111000111011000100100111110010111010011110000111
2353,110001001111100100000011111110101001111100010100111010110000110000111111000000111000111011000100100111110010111010011110001100
2354,110001001111100100000011111110101001111100010100111010110000110000111111000000111000111011000100100111110010111010011110001101
9860,1100010011111001000000111111101010011111000101001110101100001100001111110000001110001110110001001001111100101110100111100011000
9861,1100010011111001000000111111101010011111000101001110101100001100001111110000001110001110110001001001111100101110100111100011001
