"rid", "binaryID"
9110,1
9114,10
9153,11
9115,100
9118,101
9157,110
9158,111
9081,1010
9083,1011
9184,1100
9187,1101
9159,1110
9162,1111
9087,10110
9112,10111
9185,11000
9231,11001
9161,11110
9188,11111
9088,101100
9111,101101
9237,110000
9238,110001
9145,111100
9160,111101
9091,1011010
9096,1011011
9243,1100000
9251,1100001
9249,1100010
9252,1100011
9142,1111000
9174,1111001
9097,10110110
9116,10110111
9286,11000010
9316,11000011
9281,11000100
9302,11000101
9273,11000110
9276,11000111
9146,11110000
9149,11110001
9175,11110010
9180,11110011
9102,101101110
9119,101101111
9282,110001000
9323,110001001
9183,111100110
9204,111100111
9098,1011011100
9099,1011011101
9313,1100010010
9341,1100010011
9205,1111001110
9292,1111001111
9044,10110111000
9075,10110111001
9336,11000100110
9359,11000100111
9270,11110011110
9288,11110011111
9040,101101110000
9041,101101110001
9103,101101110010
9147,101101110011
9360,110001001110
9367,110001001111
9283,111100111110
9297,111100111111
9029,1011011100010
9030,1011011100011
9104,1011011100100
9126,1011011100101
9386,1100010011110
9403,1100010011111
9271,1111001111100
9274,1111001111101
9293,1111001111110
9330,1111001111111
9019,10110111000100
9020,10110111000101
9031,10110111000110
9034,10110111000111
9100,10110111001000
9113,10110111001001
9373,11000100111100
9378,11000100111101
9402,11000100111110
9440,11000100111111
9189,11110011111000
9190,11110011111001
9272,11110011111100
9277,11110011111101
9310,11110011111110
9352,11110011111111
8999,101101110001010
9015,101101110001011
9070,101101110010000
9084,101101110010001
9374,110001001111010
9375,110001001111011
9372,110001001111100
9376,110001001111101
9449,110001001111110
9481,110001001111111
9239,111100111111010
9240,111100111111011
9311,111100111111100
9326,111100111111101
9353,111100111111110
9407,111100111111111
9014,1011011100010110
9023,1011011100010111
9082,1011011100100010
9130,1011011100100011
9385,1100010011111010
9453,1100010011111011
9450,1100010011111100
9461,1100010011111101
9483,1100010011111110
9497,1100010011111111
9223,1111001111110110
9232,1111001111110111
9298,1111001111111000
9324,1111001111111001
9061,10110111001000100
9062,10110111001000101
9129,10110111001000110
9135,10110111001000111
9451,11000100111110110
9498,11000100111110111
9455,11000100111111010
9459,11000100111111011
9193,11110011111101100
9194,11110011111101101
9224,11110011111101110
9245,11110011111101111
9289,11110011111110000
9290,11110011111110001
9057,101101110010001010
9071,101101110010001011
9137,101101110010001110
9151,101101110010001111
9444,110001001111101100
9445,110001001111101101
9505,110001001111101110
9547,110001001111101111
9195,111100111111011100
9196,111100111111011101
9285,111100111111100010
9305,111100111111100011
9076,1011011100100010110
9092,1011011100100010111
9152,1011011100100011110
9154,1011011100100011111
9433,1100010011111011000
9454,1100010011111011001
9197,1111001111110111010
9210,1111001111110111011
9306,1111001111111000110
9327,1111001111111000111
9077,10110111001000101100
9090,10110111001000101101
9155,10110111001000111110
9170,10110111001000111111
9427,11000100111110110000
9428,11000100111110110001
9206,11110011111101110110
9214,11110011111101110111
9301,11110011111110001100
9314,11110011111110001101
9342,11110011111110001110
9348,11110011111110001111
9072,101101110010001011000
9101,101101110010001011001
9156,101101110010001111100
9163,101101110010001111101
9413,110001001111101100000
9414,110001001111101100001
9266,111100111111100011000
9267,111100111111100011001
9331,111100111111100011010
9337,111100111111100011011
9058,1011011100100010110000
9059,1011011100100010110001
9105,1011011100100010110010
9120,1011011100100010110011
9164,1011011100100011111010
9168,1011011100100011111011
9392,1100010011111011000000
9393,1100010011111011000001
9253,1111001111111000110010
9307,1111001111111000110011
9344,1111001111111000110100
9354,1111001111111000110101
9335,1111001111111000110110
9345,1111001111111000110111
9048,10110111001000101100000
9049,10110111001000101100001
9054,10110111001000101100010
9060,10110111001000101100011
9172,10110111001000111110110
9176,10110111001000111110111
9391,11000100111110110000000
9422,11000100111110110000001
9233,11110011111110001100100
9234,11110011111110001100101
9299,11110011111110001100110
9300,11110011111110001100111
9394,11110011111110001101010
9400,11110011111110001101011
9140,101101110010001111101110
9143,101101110010001111101111
9350,110001001111101100000000
9351,110001001111101100000001
9439,110001001111101100000010
9467,110001001111101100000011
9208,111100111111100011001000
9215,111100111111100011001001
9225,111100111111100011001010
9244,111100111111100011001011
9278,111100111111100011001110
9303,111100111111100011001111
9399,111100111111100011010100
9429,111100111111100011010101
9401,111100111111100011010110
9415,111100111111100011010111
9468,1100010011111011000000110
9537,1100010011111011000000111
9198,1111001111111000110010100
9219,1111001111111000110010101
9294,1111001111111000110011110
9296,1111001111111000110011111
9398,1111001111111000110101000
9411,1111001111111000110101001
9416,1111001111111000110101110
9421,1111001111111000110101111
9543,11000100111110110000001110
9566,11000100111110110000001111
9178,11110011111110001100101000
9179,11110011111110001100101001
9209,11110011111110001100101010
9213,11110011111110001100101011
9410,11110011111110001101010010
9441,11110011111110001101010011
9436,11110011111110001101011110
9452,11110011111110001101011111
9523,110001001111101100000011100
9532,110001001111101100000011101
9567,110001001111101100000011110
9611,110001001111101100000011111
9166,111100111111100011001010000
9167,111100111111100011001010001
9177,111100111111100011001010010
9181,111100111111100011001010011
9202,111100111111100011001010100
9203,111100111111100011001010101
9446,111100111111100011010100110
9484,111100111111100011010100111
9437,111100111111100011010111100
9442,111100111111100011010111101
9469,111100111111100011010111110
9486,111100111111100011010111111
9531,1100010011111011000000111010
9578,1100010011111011000000111011
9554,1100010011111011000000111100
9563,1100010011111011000000111101
9615,1100010011111011000000111110
9628,1100010011111011000000111111
9171,1111001111111000110010100100
9173,1111001111111000110010100101
9182,1111001111111000110010101000
9186,1111001111111000110010101001
9207,1111001111111000110010101010
9220,1111001111111000110010101011
9511,1111001111111000110101111010
9533,1111001111111000110101111011
9499,1111001111111000110101111110
9526,1111001111111000110101111111
9629,11000100111110110000001111100
9641,11000100111110110000001111101
9627,11000100111110110000001111110
9678,11000100111110110000001111111
9165,11110011111110001100101001000
9169,11110011111110001100101001001
9226,11110011111110001100101010110
9241,11110011111110001100101010111
9508,11110011111110001101011111100
9539,11110011111110001101011111101
9642,110001001111101100000011111010
9653,110001001111101100000011111011
9613,110001001111101100000011111100
9614,110001001111101100000011111101
9637,110001001111101100000011111110
9638,110001001111101100000011111111
9599,1100010011111011000000111110110
9600,1100010011111011000000111110111
9623,1100010011111011000000111111100
9697,1100010011111011000000111111101
9723,11000100111110110000001111111010
9748,11000100111110110000001111111011
9724,110001001111101100000011111110100
9735,110001001111101100000011111110101
9758,110001001111101100000011111110110
9774,110001001111101100000011111110111
9752,1100010011111011000000111111101010
9804,1100010011111011000000111111101011
9747,1100010011111011000000111111101100
9762,1100010011111011000000111111101101
9791,1100010011111011000000111111101110
9807,1100010011111011000000111111101111
9753,11000100111110110000001111111010100
9799,11000100111110110000001111111010101
9805,11000100111110110000001111111010110
9858,11000100111110110000001111111010111
9764,11000100111110110000001111111011010
9765,11000100111110110000001111111011011
9808,11000100111110110000001111111011110
9819,11000100111110110000001111111011111
9754,110001001111101100000011111110101000
9767,110001001111101100000011111110101001
9857,110001001111101100000011111110101110
9897,110001001111101100000011111110101111
9803,110001001111101100000011111110111100
9814,110001001111101100000011111110111101
9707,1100010011111011000000111111101010000
9708,1100010011111011000000111111101010001
9768,1100010011111011000000111111101010010
9771,1100010011111011000000111111101010011
9896,1100010011111011000000111111101011110
9928,1100010011111011000000111111101011111
9667,11000100111110110000001111111010100010
9673,11000100111110110000001111111010100011
9772,11000100111110110000001111111010100110
9779,11000100111110110000001111111010100111
9877,11000100111110110000001111111010111100
9906,11000100111110110000001111111010111101
9671,110001001111101100000011111110101000110
9709,110001001111101100000011111110101000111
9780,110001001111101100000011111110101001110
9815,110001001111101100000011111110101001111
9902,110001001111101100000011111110101111010
9920,110001001111101100000011111110101111011
9657,1100010011111011000000111111101010001100
9663,1100010011111011000000111111101010001101
9712,1100010011111011000000111111101010001110
9755,1100010011111011000000111111101010001111
9826,1100010011111011000000111111101010011110
9856,1100010011111011000000111111101010011111
9870,1100010011111011000000111111101011110100
9881,1100010011111011000000111111101011110101
9586,11000100111110110000001111111010100011000
9604,11000100111110110000001111111010100011001
9700,11000100111110110000001111111010100011100
9704,11000100111110110000001111111010100011101
9874,11000100111110110000001111111010100111110
9904,11000100111110110000001111111010100111111
9869,11000100111110110000001111111010111101000
9873,11000100111110110000001111111010111101001
9541,110001001111101100000011111110101000110000
9546,110001001111101100000011111110101000110001
9605,110001001111101100000011111110101000110010
9610,110001001111101100000011111110101000110011
9878,110001001111101100000011111110101001111100
9888,110001001111101100000011111110101001111101
9907,110001001111101100000011111110101001111110
9942,110001001111101100000011111110101001111111
9872,110001001111101100000011111110101111010010
9911,110001001111101100000011111110101111010011
9503,1100010011111011000000111111101010001100000
9514,1100010011111011000000111111101010001100001
9551,1100010011111011000000111111101010001100010
9556,1100010011111011000000111111101010001100011
9620,1100010011111011000000111111101010001100110
9621,1100010011111011000000111111101010001100111
9903,1100010011111011000000111111101010011111010
9914,1100010011111011000000111111101010011111011
9833,1100010011111011000000111111101010011111100
9834,1100010011111011000000111111101010011111101
9943,1100010011111011000000111111101010011111110
9946,1100010011111011000000111111101010011111111
9918,1100010011111011000000111111101011110100110
9933,1100010011111011000000111111101011110100111
9502,11000100111110110000001111111010100011000000
9569,11000100111110110000001111111010100011000001
9859,11000100111110110000001111111010100111110100
9913,11000100111110110000001111111010100111110101
9788,11000100111110110000001111111010100111111000
9789,11000100111110110000001111111010100111111001
9835,11000100111110110000001111111010100111111010
9848,11000100111110110000001111111010100111111011
9521,110001001111101100000011111110101000110000000
9527,110001001111101100000011111110101000110000001
9922,110001001111101100000011111110101001111101010
9941,110001001111101100000011111110101001111101011
9731,110001001111101100000011111110101001111110010
9739,110001001111101100000011111110101001111110011
9820,110001001111101100000011111110101001111110100
9832,110001001111101100000011111110101001111110101
9864,110001001111101100000011111110101001111110110
9866,110001001111101100000011111110101001111110111
9522,1100010011111011000000111111101010001100000000
9549,1100010011111011000000111111101010001100000001
9545,1100010011111011000000111111101010001100000010
9564,1100010011111011000000111111101010001100000011
9936,1100010011111011000000111111101010011111010100
9978,1100010011111011000000111111101010011111010101
9713,1100010011111011000000111111101010011111100100
9714,1100010011111011000000111111101010011111100101
9740,1100010011111011000000111111101010011111100110
9763,1100010011111011000000111111101010011111100111
9809,1100010011111011000000111111101010011111101010
9818,1100010011111011000000111111101010011111101011
9515,11000100111110110000001111111010100011000000000
9528,11000100111110110000001111111010100011000000001
9562,11000100111110110000001111111010100011000000100
9571,11000100111110110000001111111010100011000000101
9958,11000100111110110000001111111010100111110101000
10014,11000100111110110000001111111010100111110101001
9979,11000100111110110000001111111010100111110101010
10000,11000100111110110000001111111010100111110101011
9688,11000100111110110000001111111010100111111001010
9689,11000100111110110000001111111010100111111001011
9538,110001001111101100000011111110101000110000000010
9544,110001001111101100000011111110101000110000000011
9601,110001001111101100000011111110101000110000001010
9617,110001001111101100000011111110101000110000001011
9964,110001001111101100000011111110101001111101010000
9992,110001001111101100000011111110101001111101010001
10005,110001001111101100000011111110101001111101010110
10008,110001001111101100000011111110101001111101010111
9679,110001001111101100000011111110101001111110010100
9680,110001001111101100000011111110101001111110010101
9681,110001001111101100000011111110101001111110010110
9686,110001001111101100000011111110101001111110010111
9557,1100010011111011000000111111101010001100000000110
9587,1100010011111011000000111111101010001100000000111
9993,1100010011111011000000111111101010011111010100010
10015,1100010011111011000000111111101010011111010100011
9676,1100010011111011000000111111101010011111100101100
9677,1100010011111011000000111111101010011111100101101
9558,11000100111110110000001111111010100011000000001100
9570,11000100111110110000001111111010100011000000001101
10018,11000100111110110000001111111010100111110101000110
10022,11000100111110110000001111111010100111110101000111
9674,11000100111110110000001111111010100111111001011010
9715,11000100111110110000001111111010100111111001011011
10036,110001001111101100000011111110101001111101010001110
10070,110001001111101100000011111110101001111101010001111
9654,110001001111101100000011111110101001111110010110100
9665,110001001111101100000011111110101001111110010110101
10040,1100010011111011000000111111101010011111010100011100
10043,1100010011111011000000111111101010011111010100011101
10089,1100010011111011000000111111101010011111010100011110
10124,1100010011111011000000111111101010011111010100011111
9633,1100010011111011000000111111101010011111100101101000
9634,1100010011111011000000111111101010011111100101101001
9687,1100010011111011000000111111101010011111100101101010
9690,1100010011111011000000111111101010011111100101101011
10054,11000100111110110000001111111010100111110101000111000
10065,11000100111110110000001111111010100111110101000111001
10050,11000100111110110000001111111010100111110101000111010
10053,11000100111110110000001111111010100111110101000111011
10093,11000100111110110000001111111010100111110101000111100
10121,11000100111110110000001111111010100111110101000111101
9618,11000100111110110000001111111010100111111001011010010
9624,11000100111110110000001111111010100111111001011010011
10049,110001001111101100000011111110101001111101010001110100
10057,110001001111101100000011111110101001111101010001110101
10137,110001001111101100000011111110101001111101010001111010
10150,110001001111101100000011111110101001111101010001111011
9625,110001001111101100000011111110101001111110010110100110
9649,110001001111101100000011111110101001111110010110100111
9959,1100010011111011000000111111101010011111010100011101000
9965,1100010011111011000000111111101010011111010100011101001
10109,1100010011111011000000111111101010011111010100011110100
10126,1100010011111011000000111111101010011111010100011110101
10151,1100010011111011000000111111101010011111010100011110110
10168,1100010011111011000000111111101010011111010100011110111
9612,1100010011111011000000111111101010011111100101101001100
9639,1100010011111011000000111111101010011111100101101001101
10111,11000100111110110000001111111010100111110101000111101010
10131,11000100111110110000001111111010100111110101000111101011
9608,11000100111110110000001111111010100111111001011010011000
9622,11000100111110110000001111111010100111111001011010011001
10142,110001001111101100000011111110101001111101010001111010110
10164,110001001111101100000011111110101001111101010001111010111
9588,110001001111101100000011111110101001111110010110100110000
9593,110001001111101100000011111110101001111110010110100110001
9626,110001001111101100000011111110101001111110010110100110010
9630,110001001111101100000011111110101001111110010110100110011
10114,1100010011111011000000111111101010011111010100011110101100
10115,1100010011111011000000111111101010011111010100011110101101
10179,1100010011111011000000111111101010011111010100011110101110
10182,1100010011111011000000111111101010011111010100011110101111
10097,11000100111110110000001111111010100111110101000111101011000
10098,11000100111110110000001111111010100111110101000111101011001
10063,11000100111110110000001111111010100111110101000111101011010
10064,11000100111110110000001111111010100111110101000111101011011
10171,11000100111110110000001111111010100111110101000111101011100
10172,11000100111110110000001111111010100111110101000111101011101
10197,11000100111110110000001111111010100111110101000111101011110
10267,11000100111110110000001111111010100111110101000111101011111
10082,110001001111101100000011111110101001111101010001111010110000
10083,110001001111101100000011111110101001111101010001111010110001
10009,110001001111101100000011111110101001111101010001111010110100
10010,110001001111101100000011111110101001111101010001111010110101
10191,110001001111101100000011111110101001111101010001111010111000
10214,110001001111101100000011111110101001111101010001111010111001
10154,110001001111101100000011111110101001111101010001111010111100
10155,110001001111101100000011111110101001111101010001111010111101
10268,110001001111101100000011111110101001111101010001111010111110
10301,110001001111101100000011111110101001111101010001111010111111
10079,1100010011111011000000111111101010011111010100011110101100010
10080,1100010011111011000000111111101010011111010100011110101100011
9970,1100010011111011000000111111101010011111010100011110101101000
9974,1100010011111011000000111111101010011111010100011110101101001
10192,1100010011111011000000111111101010011111010100011110101110000
10215,1100010011111011000000111111101010011111010100011110101110001
10139,1100010011111011000000111111101010011111010100011110101111000
10140,1100010011111011000000111111101010011111010100011110101111001
10300,1100010011111011000000111111101010011111010100011110101111110
10312,1100010011111011000000111111101010011111010100011110101111111
10219,11000100111110110000001111111010100111110101000111101011100010
10236,11000100111110110000001111111010100111110101000111101011100011
10313,11000100111110110000001111111010100111110101000111101011111110
10336,11000100111110110000001111111010100111110101000111101011111111
10221,110001001111101100000011111110101001111101010001111010111000100
10286,110001001111101100000011111110101001111101010001111010111000101
10314,110001001111101100000011111110101001111101010001111010111111100
10325,110001001111101100000011111110101001111101010001111010111111101
10220,1100010011111011000000111111101010011111010100011110101110001000
10226,1100010011111011000000111111101010011111010100011110101110001001
10188,11000100111110110000001111111010100111110101000111101011100010000
10206,11000100111110110000001111111010100111110101000111101011100010001
10243,11000100111110110000001111111010100111110101000111101011100010010
10252,11000100111110110000001111111010100111110101000111101011100010011
10183,110001001111101100000011111110101001111101010001111010111000100000
10208,110001001111101100000011111110101001111101010001111010111000100001
10165,1100010011111011000000111111101010011111010100011110101110001000000
10169,1100010011111011000000111111101010011111010100011110101110001000001
10170,11000100111110110000001111111010100111110101000111101011100010000010
10173,11000100111110110000001111111010100111110101000111101011100010000011
10174,110001001111101100000011111110101001111101010001111010111000100000110
10175,110001001111101100000011111110101001111101010001111010111000100000111
10127,1100010011111011000000111111101010011111010100011110101110001000001100
10128,1100010011111011000000111111101010011111010100011110101110001000001101
10176,1100010011111011000000111111101010011111010100011110101110001000001110
10247,1100010011111011000000111111101010011111010100011110101110001000001111
10094,11000100111110110000001111111010100111110101000111101011100010000011000
10095,11000100111110110000001111111010100111110101000111101011100010000011001
10167,11000100111110110000001111111010100111110101000111101011100010000011100
10204,11000100111110110000001111111010100111110101000111101011100010000011101
10269,11000100111110110000001111111010100111110101000111101011100010000011110
10292,11000100111110110000001111111010100111110101000111101011100010000011111
10077,110001001111101100000011111110101001111101010001111010111000100000110010
10081,110001001111101100000011111110101001111101010001111010111000100000110011
10159,110001001111101100000011111110101001111101010001111010111000100000111000
10160,110001001111101100000011111110101001111101010001111010111000100000111001
10205,110001001111101100000011111110101001111101010001111010111000100000111010
10216,110001001111101100000011111110101001111101010001111010111000100000111011
10279,110001001111101100000011111110101001111101010001111010111000100000111100
10287,110001001111101100000011111110101001111101010001111010111000100000111101
10293,110001001111101100000011111110101001111101010001111010111000100000111110
10332,110001001111101100000011111110101001111101010001111010111000100000111111
10032,1100010011111011000000111111101010011111010100011110101110001000001100100
10037,1100010011111011000000111111101010011111010100011110101110001000001100101
10145,1100010011111011000000111111101010011111010100011110101110001000001110010
10149,1100010011111011000000111111101010011111010100011110101110001000001110011
10200,1100010011111011000000111111101010011111010100011110101110001000001110110
10209,1100010011111011000000111111101010011111010100011110101110001000001110111
10278,1100010011111011000000111111101010011111010100011110101110001000001111000
10281,1100010011111011000000111111101010011111010100011110101110001000001111001
10272,1100010011111011000000111111101010011111010100011110101110001000001111100
10310,1100010011111011000000111111101010011111010100011110101110001000001111101
10345,1100010011111011000000111111101010011111010100011110101110001000001111110
10361,1100010011111011000000111111101010011111010100011110101110001000001111111
10161,11000100111110110000001111111010100111110101000111101011100010000011101100
10162,11000100111110110000001111111010100111110101000111101011100010000011101101
10210,11000100111110110000001111111010100111110101000111101011100010000011101110
10270,11000100111110110000001111111010100111110101000111101011100010000011101111
10307,11000100111110110000001111111010100111110101000111101011100010000011110010
10318,11000100111110110000001111111010100111110101000111101011100010000011110011
10290,11000100111110110000001111111010100111110101000111101011100010000011111010
10319,11000100111110110000001111111010100111110101000111101011100010000011111011
10375,11000100111110110000001111111010100111110101000111101011100010000011111110
10422,11000100111110110000001111111010100111110101000111101011100010000011111111
10090,110001001111101100000011111110101001111101010001111010111000100000111011000
10091,110001001111101100000011111110101001111101010001111010111000100000111011001
10134,110001001111101100000011111110101001111101010001111010111000100000111011010
10135,110001001111101100000011111110101001111101010001111010111000100000111011011
10201,110001001111101100000011111110101001111101010001111010111000100000111011100
10202,110001001111101100000011111110101001111101010001111010111000100000111011101
10260,110001001111101100000011111110101001111101010001111010111000100000111011110
10326,110001001111101100000011111110101001111101010001111010111000100000111011111
10317,110001001111101100000011111110101001111101010001111010111000100000111100110
10329,110001001111101100000011111110101001111101010001111010111000100000111100111
10311,110001001111101100000011111110101001111101010001111010111000100000111110110
10320,110001001111101100000011111110101001111101010001111010111000100000111110111
10362,110001001111101100000011111110101001111101010001111010111000100000111111100
10392,110001001111101100000011111110101001111101010001111010111000100000111111101
10055,1100010011111011000000111111101010011111010100011110101110001000001110110000
10058,1100010011111011000000111111101010011111010100011110101110001000001110110001
10120,1100010011111011000000111111101010011111010100011110101110001000001110110110
10146,1100010011111011000000111111101010011111010100011110101110001000001110110111
10259,1100010011111011000000111111101010011111010100011110101110001000001110111100
10264,1100010011111011000000111111101010011111010100011110101110001000001110111101
10327,1100010011111011000000111111101010011111010100011110101110001000001110111110
10341,1100010011111011000000111111101010011111010100011110101110001000001110111111
10309,1100010011111011000000111111101010011111010100011110101110001000001111001100
10316,1100010011111011000000111111101010011111010100011110101110001000001111001101
10333,1100010011111011000000111111101010011111010100011110101110001000001111101110
10352,1100010011111011000000111111101010011111010100011110101110001000001111101111
10389,1100010011111011000000111111101010011111010100011110101110001000001111111010
10410,1100010011111011000000111111101010011111010100011110101110001000001111111011
10044,11000100111110110000001111111010100111110101000111101011100010000011101100000
10045,11000100111110110000001111111010100111110101000111101011100010000011101100001
10099,11000100111110110000001111111010100111110101000111101011100010000011101101100
10100,11000100111110110000001111111010100111110101000111101011100010000011101101101
10147,11000100111110110000001111111010100111110101000111101011100010000011101101110
10189,11000100111110110000001111111010100111110101000111101011100010000011101101111
10244,11000100111110110000001111111010100111110101000111101011100010000011101111000
10245,11000100111110110000001111111010100111110101000111101011100010000011101111001
10265,11000100111110110000001111111010100111110101000111101011100010000011101111100
10266,11000100111110110000001111111010100111110101000111101011100010000011101111101
10334,11000100111110110000001111111010100111110101000111101011100010000011101111110
10339,11000100111110110000001111111010100111110101000111101011100010000011101111111
10315,11000100111110110000001111111010100111110101000111101011100010000011110011010
10324,11000100111110110000001111111010100111110101000111101011100010000011110011011
10368,11000100111110110000001111111010100111110101000111101011100010000011111011110
10376,11000100111110110000001111111010100111110101000111101011100010000011111011111
10411,11000100111110110000001111111010100111110101000111101011100010000011111110110
10417,11000100111110110000001111111010100111110101000111101011100010000011111110111
10021,110001001111101100000011111110101001111101010001111010111000100000111011000000
10030,110001001111101100000011111110101001111101010001111010111000100000111011000001
10046,110001001111101100000011111110101001111101010001111010111000100000111011000010
10047,110001001111101100000011111110101001111101010001111010111000100000111011000011
10096,110001001111101100000011111110101001111101010001111010111000100000111011011010
10101,110001001111101100000011111110101001111101010001111010111000100000111011011011
10190,110001001111101100000011111110101001111101010001111010111000100000111011011110
10217,110001001111101100000011111110101001111101010001111010111000100000111011011111
10240,110001001111101100000011111110101001111101010001111010111000100000111011110010
10253,110001001111101100000011111110101001111101010001111010111000100000111011110011
10340,110001001111101100000011111110101001111101010001111010111000100000111011111110
10346,110001001111101100000011111110101001111101010001111010111000100000111011111111
10383,110001001111101100000011111110101001111101010001111010111000100000111110111100
10394,110001001111101100000011111110101001111101010001111010111000100000111110111101
10408,110001001111101100000011111110101001111101010001111010111000100000111111101100
10420,110001001111101100000011111110101001111101010001111010111000100000111111101101
9976,1100010011111011000000111111101010011111010100011110101110001000001110110000000
9977,1100010011111011000000111111101010011111010100011110101110001000001110110000001
10087,1100010011111011000000111111101010011111010100011110101110001000001110110110110
10112,1100010011111011000000111111101010011111010100011110101110001000001110110110111
10218,1100010011111011000000111111101010011111010100011110101110001000001110110111110
10229,1100010011111011000000111111101010011111010100011110101110001000001110110111111
10227,1100010011111011000000111111101010011111010100011110101110001000001110111100100
10228,1100010011111011000000111111101010011111010100011110101110001000001110111100101
10337,1100010011111011000000111111101010011111010100011110101110001000001110111111100
10349,1100010011111011000000111111101010011111010100011110101110001000001110111111101
10404,1100010011111011000000111111101010011111010100011110101110001000001111101111010
10444,1100010011111011000000111111101010011111010100011110101110001000001111101111011
10421,1100010011111011000000111111101010011111010100011110101110001000001111111011010
10458,1100010011111011000000111111101010011111010100011110101110001000001111111011011
9971,11000100111110110000001111111010100111110101000111101011100010000011101100000010
9972,11000100111110110000001111111010100111110101000111101011100010000011101100000011
10071,11000100111110110000001111111010100111110101000111101011100010000011101101101100
10072,11000100111110110000001111111010100111110101000111101011100010000011101101101101
10113,11000100111110110000001111111010100111110101000111101011100010000011101101101110
10129,11000100111110110000001111111010100111110101000111101011100010000011101101101111
10224,11000100111110110000001111111010100111110101000111101011100010000011101101111110
10232,11000100111110110000001111111010100111110101000111101011100010000011101101111111
10295,11000100111110110000001111111010100111110101000111101011100010000011101111111000
10335,11000100111110110000001111111010100111110101000111101011100010000011101111111001
10350,11000100111110110000001111111010100111110101000111101011100010000011101111111010
10381,11000100111110110000001111111010100111110101000111101011100010000011101111111011
10466,11000100111110110000001111111010100111110101000111101011100010000011111110110110
10468,11000100111110110000001111111010100111110101000111101011100010000011111110110111
9955,110001001111101100000011111110101001111101010001111010111000100000111011000000100
9956,110001001111101100000011111110101001111101010001111010111000100000111011000000101
9937,110001001111101100000011111110101001111101010001111010111000100000111011000000110
9957,110001001111101100000011111110101001111101010001111010111000100000111011000000111
10061,110001001111101100000011111110101001111101010001111010111000100000111011011011010
10062,110001001111101100000011111110101001111101010001111010111000100000111011011011011
10103,110001001111101100000011111110101001111101010001111010111000100000111011011011100
10106,110001001111101100000011111110101001111101010001111010111000100000111011011011101
10130,110001001111101100000011111110101001111101010001111010111000100000111011011011110
10143,110001001111101100000011111110101001111101010001111010111000100000111011011011111
10258,110001001111101100000011111110101001111101010001111010111000100000111011111110000
10271,110001001111101100000011111110101001111101010001111010111000100000111011111110001
10382,110001001111101100000011111110101001111101010001111010111000100000111011111110110
10429,110001001111101100000011111110101001111101010001111010111000100000111011111110111
10469,110001001111101100000011111110101001111101010001111010111000100000111111101101110
10480,110001001111101100000011111110101001111101010001111010111000100000111111101101111
9931,1100010011111011000000111111101010011111010100011110101110001000001110110000001010
9932,1100010011111011000000111111101010011111010100011110101110001000001110110000001011
9882,1100010011111011000000111111101010011111010100011110101110001000001110110000001100
9883,1100010011111011000000111111101010011111010100011110101110001000001110110000001101
9952,1100010011111011000000111111101010011111010100011110101110001000001110110000001110
10003,1100010011111011000000111111101010011111010100011110101110001000001110110000001111
10078,1100010011111011000000111111101010011111010100011110101110001000001110110110111010
10085,1100010011111011000000111111101010011111010100011110101110001000001110110110111011
10144,1100010011111011000000111111101010011111010100011110101110001000001110110110111110
10156,1100010011111011000000111111101010011111010100011110101110001000001110110110111111
10248,1100010011111011000000111111101010011111010100011110101110001000001110111111100000
10263,1100010011111011000000111111101010011111010100011110101110001000001110111111100001
10285,1100010011111011000000111111101010011111010100011110101110001000001110111111100010
10294,1100010011111011000000111111101010011111010100011110101110001000001110111111100011
10430,1100010011111011000000111111101010011111010100011110101110001000001110111111101110
10443,1100010011111011000000111111101010011111010100011110101110001000001110111111101111
10440,1100010011111011000000111111101010011111010100011110101110001000001111111011011100
10441,1100010011111011000000111111101010011111010100011110101110001000001111111011011101
9871,11000100111110110000001111111010100111110101000111101011100010000011101100000010110
9879,11000100111110110000001111111010100111110101000111101011100010000011101100000010111
9850,11000100111110110000001111111010100111110101000111101011100010000011101100000011000
9851,11000100111110110000001111111010100111110101000111101011100010000011101100000011001
9994,11000100111110110000001111111010100111110101000111101011100010000011101100000011110
10004,11000100111110110000001111111010100111110101000111101011100010000011101100000011111
10069,11000100111110110000001111111010100111110101000111101011100010000011101101101110100
10104,11000100111110110000001111111010100111110101000111101011100010000011101101101110101
10157,11000100111110110000001111111010100111110101000111101011100010000011101101101111110
10177,11000100111110110000001111111010100111110101000111101011100010000011101101101111111
10241,11000100111110110000001111111010100111110101000111101011100010000011101111111000000
10242,11000100111110110000001111111010100111110101000111101011100010000011101111111000001
10424,11000100111110110000001111111010100111110101000111101011100010000011101111111011100
10431,11000100111110110000001111111010100111110101000111101011100010000011101111111011101
10451,11000100111110110000001111111010100111110101000111101011100010000011101111111011110
10487,11000100111110110000001111111010100111110101000111101011100010000011101111111011111
9919,110001001111101100000011111110101001111101010001111010111000100000111011000000111100
9929,110001001111101100000011111110101001111101010001111010111000100000111011000000111101
10059,110001001111101100000011111110101001111101010001111010111000100000111011011011101000
10060,110001001111101100000011111110101001111101010001111010111000100000111011011011101001
10105,110001001111101100000011111110101001111101010001111010111000100000111011011011101010
10116,110001001111101100000011111110101001111101010001111010111000100000111011011011101011
10178,110001001111101100000011111110101001111101010001111010111000100000111011011011111110
10195,110001001111101100000011111110101001111101010001111010111000100000111011011011111111
10234,110001001111101100000011111110101001111101010001111010111000100000111011111110000010
10235,110001001111101100000011111110101001111101010001111010111000100000111011111110000011
10432,110001001111101100000011111110101001111101010001111010111000100000111011111110111010
10442,110001001111101100000011111110101001111101010001111010111000100000111011111110111011
10496,110001001111101100000011111110101001111101010001111010111000100000111011111110111110
10528,110001001111101100000011111110101001111101010001111010111000100000111011111110111111
9891,1100010011111011000000111111101010011111010100011110101110001000001110110000001111000
9895,1100010011111011000000111111101010011111010100011110101110001000001110110000001111001
10117,1100010011111011000000111111101010011111010100011110101110001000001110110110111010110
10123,1100010011111011000000111111101010011111010100011110101110001000001110110110111010111
10233,1100010011111011000000111111101010011111010100011110101110001000001110111111100000110
10237,1100010011111011000000111111101010011111010100011110101110001000001110111111100000111
10425,1100010011111011000000111111101010011111010100011110101110001000001110111111101110100
10433,1100010011111011000000111111101010011111010100011110101110001000001110111111101110101
10495,1100010011111011000000111111101010011111010100011110101110001000001110111111101111100
10511,1100010011111011000000111111101010011111010100011110101110001000001110111111101111101
10527,1100010011111011000000111111101010011111010100011110101110001000001110111111101111110
10568,1100010011111011000000111111101010011111010100011110101110001000001110111111101111111
9836,11000100111110110000001111111010100111110101000111101011100010000011101100000011110010
9837,11000100111110110000001111111010100111110101000111101011100010000011101100000011110011
10184,11000100111110110000001111111010100111110101000111101011100010000011101111111000001100
10185,11000100111110110000001111111010100111110101000111101011100010000011101111111000001101
10238,11000100111110110000001111111010100111110101000111101011100010000011101111111000001110
10282,11000100111110110000001111111010100111110101000111101011100010000011101111111000001111
10434,11000100111110110000001111111010100111110101000111101011100010000011101111111011101010
10452,11000100111110110000001111111010100111110101000111101011100010000011101111111011101011
10512,11000100111110110000001111111010100111110101000111101011100010000011101111111011111010
10522,11000100111110110000001111111010100111110101000111101011100010000011101111111011111011
10584,11000100111110110000001111111010100111110101000111101011100010000011101111111011111110
10595,11000100111110110000001111111010100111110101000111101011100010000011101111111011111111
9827,110001001111101100000011111110101001111101010001111010111000100000111011000000111100110
9831,110001001111101100000011111110101001111101010001111010111000100000111011000000111100111
10163,110001001111101100000011111110101001111101010001111010111000100000111011111110000011010
10199,110001001111101100000011111110101001111101010001111010111000100000111011111110000011011
10249,110001001111101100000011111110101001111101010001111010111000100000111011111110000011100
10280,110001001111101100000011111110101001111101010001111010111000100000111011111110000011101
10435,110001001111101100000011111110101001111101010001111010111000100000111011111110111010100
10436,110001001111101100000011111110101001111101010001111010111000100000111011111110111010101
10523,110001001111101100000011111110101001111101010001111010111000100000111011111110111110110
10553,110001001111101100000011111110101001111101010001111010111000100000111011111110111110111
10585,110001001111101100000011111110101001111101010001111010111000100000111011111110111111100
10603,110001001111101100000011111110101001111101010001111010111000100000111011111110111111101
9794,1100010011111011000000111111101010011111010100011110101110001000001110110000001111001100
9795,1100010011111011000000111111101010011111010100011110101110001000001110110000001111001101
9830,1100010011111011000000111111101010011111010100011110101110001000001110110000001111001110
9840,1100010011111011000000111111101010011111010100011110101110001000001110110000001111001111
10152,1100010011111011000000111111101010011111010100011110101110001000001110111111100000110100
10153,1100010011111011000000111111101010011111010100011110101110001000001110111111100000110101
10254,1100010011111011000000111111101010011111010100011110101110001000001110111111100000111000
10257,1100010011111011000000111111101010011111010100011110101110001000001110111111100000111001
10369,1100010011111011000000111111101010011111010100011110101110001000001110111111101110101000
10370,1100010011111011000000111111101010011111010100011110101110001000001110111111101110101001
10437,1100010011111011000000111111101010011111010100011110101110001000001110111111101110101010
10463,1100010011111011000000111111101010011111010100011110101110001000001110111111101110101011
10554,1100010011111011000000111111101010011111010100011110101110001000001110111111101111101110
10569,1100010011111011000000111111101010011111010100011110101110001000001110111111101111101111
10605,1100010011111011000000111111101010011111010100011110101110001000001110111111101111111010
10617,1100010011111011000000111111101010011111010100011110101110001000001110111111101111111011
9792,11000100111110110000001111111010100111110101000111101011100010000011101100000011110011000
9801,11000100111110110000001111111010100111110101000111101011100010000011101100000011110011001
9769,11000100111110110000001111111010100111110101000111101011100010000011101100000011110011100
9777,11000100111110110000001111111010100111110101000111101011100010000011101100000011110011101
9845,11000100111110110000001111111010100111110101000111101011100010000011101100000011110011110
9849,11000100111110110000001111111010100111110101000111101011100010000011101100000011110011111
10067,11000100111110110000001111111010100111110101000111101011100010000011101111111000001101000
10107,11000100111110110000001111111010100111110101000111101011100010000011101111111000001101001
10225,11000100111110110000001111111010100111110101000111101011100010000011101111111000001110000
10239,11000100111110110000001111111010100111110101000111101011100010000011101111111000001110001
10274,11000100111110110000001111111010100111110101000111101011100010000011101111111000001110010
10276,11000100111110110000001111111010100111110101000111101011100010000011101111111000001110011
10357,11000100111110110000001111111010100111110101000111101011100010000011101111111011101010010
10358,11000100111110110000001111111010100111110101000111101011100010000011101111111011101010011
10384,11000100111110110000001111111010100111110101000111101011100010000011101111111011101010100
10385,11000100111110110000001111111010100111110101000111101011100010000011101111111011101010101
10459,11000100111110110000001111111010100111110101000111101011100010000011101111111011101010110
10470,11000100111110110000001111111010100111110101000111101011100010000011101111111011101010111
10570,11000100111110110000001111111010100111110101000111101011100010000011101111111011111011110
10588,11000100111110110000001111111010100111110101000111101011100010000011101111111011111011111
9784,110001001111101100000011111110101001111101010001111010111000100000111011000000111100110000
9785,110001001111101100000011111110101001111101010001111010111000100000111011000000111100110001
9778,110001001111101100000011111110101001111101010001111010111000100000111011000000111100111010
9782,110001001111101100000011111110101001111101010001111010111000100000111011000000111100111011
9846,110001001111101100000011111110101001111101010001111010111000100000111011000000111100111100
9860,110001001111101100000011111110101001111101010001111010111000100000111011000000111100111101
9847,110001001111101100000011111110101001111101010001111010111000100000111011000000111100111110
9867,110001001111101100000011111110101001111101010001111010111000100000111011000000111100111111
10066,110001001111101100000011111110101001111101010001111010111000100000111011111110000011010000
10068,110001001111101100000011111110101001111101010001111010111000100000111011111110000011010001
10277,110001001111101100000011111110101001111101010001111010111000100000111011111110000011100110
10303,110001001111101100000011111110101001111101010001111010111000100000111011111110000011100111
10371,110001001111101100000011111110101001111101010001111010111000100000111011111110111010101010
10372,110001001111101100000011111110101001111101010001111010111000100000111011111110111010101011
10448,110001001111101100000011111110101001111101010001111010111000100000111011111110111010101110
10449,110001001111101100000011111110101001111101010001111010111000100000111011111110111010101111
10557,110001001111101100000011111110101001111101010001111010111000100000111011111110111110111100
10573,110001001111101100000011111110101001111101010001111010111000100000111011111110111110111101
9756,1100010011111011000000111111101010011111010100011110101110001000001110110000001111001100000
9757,1100010011111011000000111111101010011111010100011110101110001000001110110000001111001100001
9781,1100010011111011000000111111101010011111010100011110101110001000001110110000001111001100010
9793,1100010011111011000000111111101010011111010100011110101110001000001110110000001111001100011
9744,1100010011111011000000111111101010011111010100011110101110001000001110110000001111001110100
9745,1100010011111011000000111111101010011111010100011110101110001000001110110000001111001110101
9770,1100010011111011000000111111101010011111010100011110101110001000001110110000001111001110110
9776,1100010011111011000000111111101010011111010100011110101110001000001110110000001111001110111
9884,1100010011111011000000111111101010011111010100011110101110001000001110110000001111001111110
9905,1100010011111011000000111111101010011111010100011110101110001000001110110000001111001111111
10056,1100010011111011000000111111101010011111010100011110101110001000001110111111100000110100010
10086,1100010011111011000000111111101010011111010100011110101110001000001110111111100000110100011
10298,1100010011111011000000111111101010011111010100011110101110001000001110111111100000111001110
10308,1100010011111011000000111111101010011111010100011110101110001000001110111111100000111001111
10364,1100010011111011000000111111101010011111010100011110101110001000001110111111101110101010110
10379,1100010011111011000000111111101010011111010100011110101110001000001110111111101110101010111
10507,1100010011111011000000111111101010011111010100011110101110001000001110111111101111101111000
10513,1100010011111011000000111111101010011111010100011110101110001000001110111111101111101111001
10589,1100010011111011000000111111101010011111010100011110101110001000001110111111101111101111010
10596,1100010011111011000000111111101010011111010100011110101110001000001110111111101111101111011
9732,11000100111110110000001111111010100111110101000111101011100010000011101100000011110011000010
9733,11000100111110110000001111111010100111110101000111101011100010000011101100000011110011000011
9773,11000100111110110000001111111010100111110101000111101011100010000011101100000011110011000100
9783,11000100111110110000001111111010100111110101000111101011100010000011101100000011110011000101
9698,11000100111110110000001111111010100111110101000111101011100010000011101100000011110011101010
9701,11000100111110110000001111111010100111110101000111101011100010000011101100000011110011101011
9730,11000100111110110000001111111010100111110101000111101011100010000011101100000011110011101100
9749,11000100111110110000001111111010100111110101000111101011100010000011101100000011110011101101
9885,11000100111110110000001111111010100111110101000111101011100010000011101100000011110011111100
9898,11000100111110110000001111111010100111110101000111101011100010000011101100000011110011111101
10051,11000100111110110000001111111010100111110101000111101011100010000011101111111000001101000100
10052,11000100111110110000001111111010100111110101000111101011100010000011101111111000001101000101
10304,11000100111110110000001111111010100111110101000111101011100010000011101111111000001110011110
10321,11000100111110110000001111111010100111110101000111101011100010000011101111111000001110011111
10380,11000100111110110000001111111010100111110101000111101011100010000011101111111011101010101110
10400,11000100111110110000001111111010100111110101000111101011100010000011101111111011101010101111
10488,11000100111110110000001111111010100111110101000111101011100010000011101111111011111011110000
10489,11000100111110110000001111111010100111110101000111101011100010000011101111111011111011110001
10533,11000100111110110000001111111010100111110101000111101011100010000011101111111011111011110100
10538,11000100111110110000001111111010100111110101000111101011100010000011101111111011111011110101
9659,110001001111101100000011111110101001111101010001111010111000100000111011000000111100111010100
9660,110001001111101100000011111110101001111101010001111010111000100000111011000000111100111010101
9728,110001001111101100000011111110101001111101010001111010111000100000111011000000111100111011000
9743,110001001111101100000011111110101001111101010001111010111000100000111011000000111100111011001
9886,110001001111101100000011111110101001111101010001111010111000100000111011000000111100111111000
9921,110001001111101100000011111110101001111101010001111010111000100000111011000000111100111111001
10048,110001001111101100000011111110101001111101010001111010111000100000111011111110000011010001010
10102,110001001111101100000011111110101001111101010001111010111000100000111011111110000011010001011
10398,110001001111101100000011111110101001111101010001111010111000100000111011111110111010101011110
10409,110001001111101100000011111110101001111101010001111010111000100000111011111110111010101011111
10514,110001001111101100000011111110101001111101010001111010111000100000111011111110111110111101000
10515,110001001111101100000011111110101001111101010001111010111000100000111011111110111110111101001
9650,1100010011111011000000111111101010011111010100011110101110001000001110110000001111001110101000
9656,1100010011111011000000111111101010011111010100011110101110001000001110110000001111001110101001
9705,1100010011111011000000111111101010011111010100011110101110001000001110110000001111001110110000
9706,1100010011111011000000111111101010011111010100011110101110001000001110110000001111001110110001
9875,1100010011111011000000111111101010011111010100011110101110001000001110110000001111001111110000
9876,1100010011111011000000111111101010011111010100011110101110001000001110110000001111001111110001
9938,1100010011111011000000111111101010011111010100011110101110001000001110110000001111001111110010
9960,1100010011111011000000111111101010011111010100011110101110001000001110110000001111001111110011
10041,1100010011111011000000111111101010011111010100011110101110001000001110111111100000110100010100
10073,1100010011111011000000111111101010011111010100011110101110001000001110111111100000110100010101
9666,11000100111110110000001111111010100111110101000111101011100010000011101100000011110011101100000
9668,11000100111110110000001111111010100111110101000111101011100010000011101100000011110011101100001
9694,11000100111110110000001111111010100111110101000111101011100010000011101100000011110011101100010
9726,11000100111110110000001111111010100111110101000111101011100010000011101100000011110011101100011
9861,11000100111110110000001111111010100111110101000111101011100010000011101100000011110011111100000
9862,11000100111110110000001111111010100111110101000111101011100010000011101100000011110011111100001
9852,11000100111110110000001111111010100111110101000111101011100010000011101100000011110011111100010
9853,11000100111110110000001111111010100111110101000111101011100010000011101100000011110011111100011
9962,11000100111110110000001111111010100111110101000111101011100010000011101100000011110011111100110
9966,11000100111110110000001111111010100111110101000111101011100010000011101100000011110011111100111
10025,11000100111110110000001111111010100111110101000111101011100010000011101111111000001101000101000
10026,11000100111110110000001111111010100111110101000111101011100010000011101111111000001101000101001
10074,11000100111110110000001111111010100111110101000111101011100010000011101111111000001101000101010
10110,11000100111110110000001111111010100111110101000111101011100010000011101111111000001101000101011
9635,110001001111101100000011111110101001111101010001111010111000100000111011000000111100111011000000
9636,110001001111101100000011111110101001111101010001111010111000100000111011000000111100111011000001
9685,110001001111101100000011111110101001111101010001111010111000100000111011000000111100111011000100
9702,110001001111101100000011111110101001111101010001111010111000100000111011000000111100111011000101
9821,110001001111101100000011111110101001111101010001111010111000100000111011000000111100111111000100
9822,110001001111101100000011111110101001111101010001111010111000100000111011000000111100111111000101
9842,110001001111101100000011111110101001111101010001111010111000100000111011000000111100111111000110
9865,110001001111101100000011111110101001111101010001111010111000100000111011000000111100111111000111
9963,110001001111101100000011111110101001111101010001111010111000100000111011000000111100111111001100
9975,110001001111101100000011111110101001111101010001111010111000100000111011000000111100111111001101
10075,110001001111101100000011111110101001111101010001111010111000100000111011111110000011010001010100
10088,110001001111101100000011111110101001111101010001111010111000100000111011111110000011010001010101
10122,110001001111101100000011111110101001111101010001111010111000100000111011111110000011010001010110
10125,110001001111101100000011111110101001111101010001111010111000100000111011111110000011010001010111
9591,1100010011111011000000111111101010011111010100011110101110001000001110110000001111001110110000000
9592,1100010011111011000000111111101010011111010100011110101110001000001110110000001111001110110000001
9645,1100010011111011000000111111101010011111010100011110101110001000001110110000001111001110110001000
9646,1100010011111011000000111111101010011111010100011110101110001000001110110000001111001110110001001
9703,1100010011111011000000111111101010011111010100011110101110001000001110110000001111001110110001010
9711,1100010011111011000000111111101010011111010100011110101110001000001110110000001111001110110001011
9810,1100010011111011000000111111101010011111010100011110101110001000001110110000001111001111110001100
9811,1100010011111011000000111111101010011111010100011110101110001000001110110000001111001111110001101
9984,1100010011111011000000111111101010011111010100011110101110001000001110110000001111001111110011010
9985,1100010011111011000000111111101010011111010100011110101110001000001110110000001111001111110011011
10148,1100010011111011000000111111101010011111010100011110101110001000001110111111100000110100010101100
10158,1100010011111011000000111111101010011111010100011110101110001000001110111111100000110100010101101
9581,11000100111110110000001111111010100111110101000111101011100010000011101100000011110011101100000000
9589,11000100111110110000001111111010100111110101000111101011100010000011101100000011110011101100000001
9631,11000100111110110000001111111010100111110101000111101011100010000011101100000011110011101100010010
9664,11000100111110110000001111111010100111110101000111101011100010000011101100000011110011101100010011
9716,11000100111110110000001111111010100111110101000111101011100010000011101100000011110011101100010110
9725,11000100111110110000001111111010100111110101000111101011100010000011101100000011110011101100010111
9986,11000100111110110000001111111010100111110101000111101011100010000011101100000011110011111100110110
9999,11000100111110110000001111111010100111110101000111101011100010000011101100000011110011111100110111
9575,110001001111101100000011111110101001111101010001111010111000100000111011000000111100111011000000000
9579,110001001111101100000011111110101001111101010001111010111000100000111011000000111100111011000000001
9595,110001001111101100000011111110101001111101010001111010111000100000111011000000111100111011000100100
9596,110001001111101100000011111110101001111101010001111010111000100000111011000000111100111011000100101
9729,110001001111101100000011111110101001111101010001111010111000100000111011000000111100111011000101110
9746,110001001111101100000011111110101001111101010001111010111000100000111011000000111100111011000101111
9948,110001001111101100000011111110101001111101010001111010111000100000111011000000111100111111001101100
9949,110001001111101100000011111110101001111101010001111010111000100000111011000000111100111111001101101
10001,110001001111101100000011111110101001111101010001111010111000100000111011000000111100111111001101110
10016,110001001111101100000011111110101001111101010001111010111000100000111011000000111100111111001101111
9590,1100010011111011000000111111101010011111010100011110101110001000001110110000001111001110110001001000
9606,1100010011111011000000111111101010011111010100011110101110001000001110110000001111001110110001001001
9934,1100010011111011000000111111101010011111010100011110101110001000001110110000001111001111110011011000
9935,1100010011111011000000111111101010011111010100011110101110001000001110110000001111001111110011011001
9892,1100010011111011000000111111101010011111010100011110101110001000001110110000001111001111110011011010
9908,1100010011111011000000111111101010011111010100011110101110001000001110110000001111001111110011011011
10017,1100010011111011000000111111101010011111010100011110101110001000001110110000001111001111110011011110
10027,1100010011111011000000111111101010011111010100011110101110001000001110110000001111001111110011011111
9572,11000100111110110000001111111010100111110101000111101011100010000011101100000011110011101100010010000
9585,11000100111110110000001111111010100111110101000111101011100010000011101100000011110011101100010010001
9607,11000100111110110000001111111010100111110101000111101011100010000011101100000011110011101100010010010
9632,11000100111110110000001111111010100111110101000111101011100010000011101100000011110011101100010010011
9880,11000100111110110000001111111010100111110101000111101011100010000011101100000011110011111100110110100
9899,11000100111110110000001111111010100111110101000111101011100010000011101100000011110011111100110110101
9967,11000100111110110000001111111010100111110101000111101011100010000011101100000011110011111100110111100
9980,11000100111110110000001111111010100111110101000111101011100010000011101100000011110011111100110111101
10028,11000100111110110000001111111010100111110101000111101011100010000011101100000011110011111100110111110
10029,11000100111110110000001111111010100111110101000111101011100010000011101100000011110011111100110111111
9553,110001001111101100000011111110101001111101010001111010111000100000111011000000111100111011000100100000
9555,110001001111101100000011111110101001111101010001111010111000100000111011000000111100111011000100100001
9594,110001001111101100000011111110101001111101010001111010111000100000111011000000111100111011000100100100
9597,110001001111101100000011111110101001111101010001111010111000100000111011000000111100111011000100100101
9640,110001001111101100000011111110101001111101010001111010111000100000111011000000111100111011000100100110
9658,110001001111101100000011111110101001111101010001111010111000100000111011000000111100111011000100100111
9524,1100010011111011000000111111101010011111010100011110101110001000001110110000001111001110110001001000000
9525,1100010011111011000000111111101010011111010100011110101110001000001110110000001111001110110001001000001
9561,1100010011111011000000111111101010011111010100011110101110001000001110110000001111001110110001001001000
9576,1100010011111011000000111111101010011111010100011110101110001000001110110000001111001110110001001001001
9670,1100010011111011000000111111101010011111010100011110101110001000001110110000001111001110110001001001110
9691,1100010011111011000000111111101010011111010100011110101110001000001110110000001111001110110001001001111
9506,11000100111110110000001111111010100111110101000111101011100010000011101100000011110011101100010010000000
9568,11000100111110110000001111111010100111110101000111101011100010000011101100000011110011101100010010000001
9490,11000100111110110000001111111010100111110101000111101011100010000011101100000011110011101100010010000010
9491,11000100111110110000001111111010100111110101000111101011100010000011101100000011110011101100010010000011
9518,11000100111110110000001111111010100111110101000111101011100010000011101100000011110011101100010010010000
9519,11000100111110110000001111111010100111110101000111101011100010000011101100000011110011101100010010010001
9577,11000100111110110000001111111010100111110101000111101011100010000011101100000011110011101100010010010010
9584,11000100111110110000001111111010100111110101000111101011100010000011101100000011110011101100010010010011
9692,11000100111110110000001111111010100111110101000111101011100010000011101100000011110011101100010010011110
9693,11000100111110110000001111111010100111110101000111101011100010000011101100000011110011101100010010011111
9478,110001001111101100000011111110101001111101010001111010111000100000111011000000111100111011000100100000000
9495,110001001111101100000011111110101001111101010001111010111000100000111011000000111100111011000100100000001
9470,110001001111101100000011111110101001111101010001111010111000100000111011000000111100111011000100100000100
9471,110001001111101100000011111110101001111101010001111010111000100000111011000000111100111011000100100000101
9465,110001001111101100000011111110101001111101010001111010111000100000111011000000111100111011000100100000110
9466,110001001111101100000011111110101001111101010001111010111000100000111011000000111100111011000100100000111
9492,110001001111101100000011111110101001111101010001111010111000100000111011000000111100111011000100100100010
9494,110001001111101100000011111110101001111101010001111010111000100000111011000000111100111011000100100100011
9573,110001001111101100000011111110101001111101010001111010111000100000111011000000111100111011000100100100100
9580,110001001111101100000011111110101001111101010001111010111000100000111011000000111100111011000100100100101
9718,110001001111101100000011111110101001111101010001111010111000100000111011000000111100111011000100100111110
9727,110001001111101100000011111110101001111101010001111010111000100000111011000000111100111011000100100111111
9462,1100010011111011000000111111101010011111010100011110101110001000001110110000001111001110110001001000000000
9487,1100010011111011000000111111101010011111010100011110101110001000001110110000001111001110110001001000000001
9418,1100010011111011000000111111101010011111010100011110101110001000001110110000001111001110110001001000001010
9419,1100010011111011000000111111101010011111010100011110101110001000001110110000001111001110110001001000001011
9479,1100010011111011000000111111101010011111010100011110101110001000001110110000001111001110110001001001000110
9529,1100010011111011000000111111101010011111010100011110101110001000001110110000001111001110110001001001000111
9720,1100010011111011000000111111101010011111010100011110101110001000001110110000001111001110110001001001111100
9751,1100010011111011000000111111101010011111010100011110101110001000001110110000001111001110110001001001111101
9424,11000100111110110000001111111010100111110101000111101011100010000011101100000011110011101100010010000000000
9425,11000100111110110000001111111010100111110101000111101011100010000011101100000011110011101100010010000000001
9456,11000100111110110000001111111010100111110101000111101011100010000011101100000011110011101100010010010001100
9457,11000100111110110000001111111010100111110101000111101011100010000011101100000011110011101100010010010001101
9721,11000100111110110000001111111010100111110101000111101011100010000011101100000011110011101100010010011111000
9736,11000100111110110000001111111010100111110101000111101011100010000011101100000011110011101100010010011111001
9759,11000100111110110000001111111010100111110101000111101011100010000011101100000011110011101100010010011111010
9766,11000100111110110000001111111010100111110101000111101011100010000011101100000011110011101100010010011111011
9409,110001001111101100000011111110101001111101010001111010111000100000111011000000111100111011000100100000000000
31926,110001001111101100000011111110101001111101010001111010111000100000111011000000111100111011000100100000000001
9438,110001001111101100000011111110101001111101010001111010111000100000111011000000111100111011000100100100011010
9443,110001001111101100000011111110101001111101010001111010111000100000111011000000111100111011000100100100011011
9741,110001001111101100000011111110101001111101010001111010111000100000111011000000111100111011000100100111110010
9750,110001001111101100000011111110101001111101010001111010111000100000111011000000111100111011000100100111110011
9380,1100010011111011000000111111101010011111010100011110101110001000001110110000001111001110110001001000000000000
9381,1100010011111011000000111111101010011111010100011110101110001000001110110000001111001110110001001000000000001
9408,1100010011111011000000111111101010011111010100011110101110001000001110110000001111001110110001001000000000010
9417,1100010011111011000000111111101010011111010100011110101110001000001110110000001111001110110001001000000000011
9404,1100010011111011000000111111101010011111010100011110101110001000001110110000001111001110110001001001000110100
9405,1100010011111011000000111111101010011111010100011110101110001000001110110000001111001110110001001001000110101
9447,1100010011111011000000111111101010011111010100011110101110001000001110110000001111001110110001001001000110110
9458,1100010011111011000000111111101010011111010100011110101110001000001110110000001111001110110001001001000110111
9742,1100010011111011000000111111101010011111010100011110101110001000001110110000001111001110110001001001111100100
9806,1100010011111011000000111111101010011111010100011110101110001000001110110000001111001110110001001001111100101
9395,11000100111110110000001111111010100111110101000111101011100010000011101100000011110011101100010010000000000100
9396,11000100111110110000001111111010100111110101000111101011100010000011101100000011110011101100010010000000000101
9333,11000100111110110000001111111010100111110101000111101011100010000011101100000011110011101100010010010001101000
9334,11000100111110110000001111111010100111110101000111101011100010000011101100000011110011101100010010010001101001
9387,11000100111110110000001111111010100111110101000111101011100010000011101100000011110011101100010010010001101010
9389,11000100111110110000001111111010100111110101000111101011100010000011101100000011110011101100010010010001101011
9448,11000100111110110000001111111010100111110101000111101011100010000011101100000011110011101100010010010001101100
9474,11000100111110110000001111111010100111110101000111101011100010000011101100000011110011101100010010010001101101
9737,11000100111110110000001111111010100111110101000111101011100010000011101100000011110011101100010010011111001000
9738,11000100111110110000001111111010100111110101000111101011100010000011101100000011110011101100010010011111001001
9817,11000100111110110000001111111010100111110101000111101011100010000011101100000011110011101100010010011111001010
9823,11000100111110110000001111111010100111110101000111101011100010000011101100000011110011101100010010011111001011
9357,110001001111101100000011111110101001111101010001111010111000100000111011000000111100111011000100100000000001000
9358,110001001111101100000011111110101001111101010001111010111000100000111011000000111100111011000100100000000001001
9338,110001001111101100000011111110101001111101010001111010111000100000111011000000111100111011000100100000000001010
9339,110001001111101100000011111110101001111101010001111010111000100000111011000000111100111011000100100000000001011
9319,110001001111101100000011111110101001111101010001111010111000100000111011000000111100111011000100100100011010000
9320,110001001111101100000011111110101001111101010001111010111000100000111011000000111100111011000100100100011010001
9356,110001001111101100000011111110101001111101010001111010111000100000111011000000111100111011000100100100011010110
9477,110001001111101100000011111110101001111101010001111010111000100000111011000000111100111011000100100100011010111
9717,110001001111101100000011111110101001111101010001111010111000100000111011000000111100111011000100100111110010000
9719,110001001111101100000011111110101001111101010001111010111000100000111011000000111100111011000100100111110010001
9812,110001001111101100000011111110101001111101010001111010111000100000111011000000111100111011000100100111110010100
9813,110001001111101100000011111110101001111101010001111010111000100000111011000000111100111011000100100111110010101
9825,110001001111101100000011111110101001111101010001111010111000100000111011000000111100111011000100100111110010110
9828,110001001111101100000011111110101001111101010001111010111000100000111011000000111100111011000100100111110010111
9317,1100010011111011000000111111101010011111010100011110101110001000001110110000001111001110110001001001000110100000
9318,1100010011111011000000111111101010011111010100011110101110001000001110110000001111001110110001001001000110100001
9287,1100010011111011000000111111101010011111010100011110101110001000001110110000001111001110110001001001000110100010
9291,1100010011111011000000111111101010011111010100011110101110001000001110110000001111001110110001001001000110100011
9355,1100010011111011000000111111101010011111010100011110101110001000001110110000001111001110110001001001000110101100
9368,1100010011111011000000111111101010011111010100011110101110001000001110110000001111001110110001001001000110101101
9507,1100010011111011000000111111101010011111010100011110101110001000001110110000001111001110110001001001000110101110
9520,1100010011111011000000111111101010011111010100011110101110001000001110110000001111001110110001001001000110101111
9682,1100010011111011000000111111101010011111010100011110101110001000001110110000001111001110110001001001111100100000
9684,1100010011111011000000111111101010011111010100011110101110001000001110110000001111001110110001001001111100100001
9797,1100010011111011000000111111101010011111010100011110101110001000001110110000001111001110110001001001111100101000
9798,1100010011111011000000111111101010011111010100011110101110001000001110110000001111001110110001001001111100101001
9824,1100010011111011000000111111101010011111010100011110101110001000001110110000001111001110110001001001111100101100
9829,1100010011111011000000111111101010011111010100011110101110001000001110110000001111001110110001001001111100101101
9843,1100010011111011000000111111101010011111010100011110101110001000001110110000001111001110110001001001111100101110
9855,1100010011111011000000111111101010011111010100011110101110001000001110110000001111001110110001001001111100101111
9322,11000100111110110000001111111010100111110101000111101011100010000011101100000011110011101100010010010001101000000
9328,11000100111110110000001111111010100111110101000111101011100010000011101100000011110011101100010010010001101000001
9315,11000100111110110000001111111010100111110101000111101011100010000011101100000011110011101100010010010001101000010
9332,11000100111110110000001111111010100111110101000111101011100010000011101100000011110011101100010010010001101000011
9227,11000100111110110000001111111010100111110101000111101011100010000011101100000011110011101100010010010001101000100
9228,11000100111110110000001111111010100111110101000111101011100010000011101100000011110011101100010010010001101000101
9347,11000100111110110000001111111010100111110101000111101011100010000011101100000011110011101100010010010001101011000
9349,11000100111110110000001111111010100111110101000111101011100010000011101100000011110011101100010010010001101011001
9382,11000100111110110000001111111010100111110101000111101011100010000011101100000011110011101100010010010001101011010
9559,11000100111110110000001111111010100111110101000111101011100010000011101100000011110011101100010010010001101011011
9548,11000100111110110000001111111010100111110101000111101011100010000011101100000011110011101100010010010001101011110
9552,11000100111110110000001111111010100111110101000111101011100010000011101100000011110011101100010010010001101011111
9651,11000100111110110000001111111010100111110101000111101011100010000011101100000011110011101100010010011111001000010
9652,11000100111110110000001111111010100111110101000111101011100010000011101100000011110011101100010010011111001000011
9893,11000100111110110000001111111010100111110101000111101011100010000011101100000011110011101100010010011111001011100
31927,11000100111110110000001111111010100111110101000111101011100010000011101100000011110011101100010010011111001011101
9854,11000100111110110000001111111010100111110101000111101011100010000011101100000011110011101100010010011111001011110
9863,11000100111110110000001111111010100111110101000111101011100010000011101100000011110011101100010010011111001011111
9309,110001001111101100000011111110101001111101010001111010111000100000111011000000111100111011000100100100011010000100
9329,110001001111101100000011111110101001111101010001111010111000100000111011000000111100111011000100100100011010000101
9211,110001001111101100000011111110101001111101010001111010111000100000111011000000111100111011000100100100011010001010
31925,110001001111101100000011111110101001111101010001111010111000100000111011000000111100111011000100100100011010001011
9383,110001001111101100000011111110101001111101010001111010111000100000111011000000111100111011000100100100011010110100
9426,110001001111101100000011111110101001111101010001111010111000100000111011000000111100111011000100100100011010110101
9565,110001001111101100000011111110101001111101010001111010111000100000111011000000111100111011000100100100011010111110
9598,110001001111101100000011111110101001111101010001111010111000100000111011000000111100111011000100100100011010111111
9647,110001001111101100000011111110101001111101010001111010111000100000111011000000111100111011000100100111110010000110
9648,110001001111101100000011111110101001111101010001111010111000100000111011000000111100111011000100100111110010000111
9844,110001001111101100000011111110101001111101010001111010111000100000111011000000111100111011000100100111110010111010
9889,110001001111101100000011111110101001111101010001111010111000100000111011000000111100111011000100100111110010111011
9839,110001001111101100000011111110101001111101010001111010111000100000111011000000111100111011000100100111110010111110
9841,110001001111101100000011111110101001111101010001111010111000100000111011000000111100111011000100100111110010111111
9279,1100010011111011000000111111101010011111010100011110101110001000001110110000001111001110110001001001000110100001000
9280,1100010011111011000000111111101010011111010100011110101110001000001110110000001111001110110001001001000110100001001
9340,1100010011111011000000111111101010011111010100011110101110001000001110110000001111001110110001001001000110100001010
9343,1100010011111011000000111111101010011111010100011110101110001000001110110000001111001110110001001001000110100001011
9212,1100010011111011000000111111101010011111010100011110101110001000001110110000001111001110110001001001000110100010110
9221,1100010011111011000000111111101010011111010100011110101110001000001110110000001111001110110001001001000110100010111
9379,1100010011111011000000111111101010011111010100011110101110001000001110110000001111001110110001001001000110101101000
9388,1100010011111011000000111111101010011111010100011110101110001000001110110000001111001110110001001001000110101101001
9609,1100010011111011000000111111101010011111010100011110101110001000001110110000001111001110110001001001000110101111110
9616,1100010011111011000000111111101010011111010100011110101110001000001110110000001111001110110001001001000110101111111
9643,1100010011111011000000111111101010011111010100011110101110001000001110110000001111001110110001001001111100100001110
9672,1100010011111011000000111111101010011111010100011110101110001000001110110000001111001110110001001001111100100001111
9894,1100010011111011000000111111101010011111010100011110101110001000001110110000001111001110110001001001111100101110110
9909,1100010011111011000000111111101010011111010100011110101110001000001110110000001111001110110001001001111100101110111
9261,11000100111110110000001111111010100111110101000111101011100010000011101100000011110011101100010010010001101000010000
9263,11000100111110110000001111111010100111110101000111101011100010000011101100000011110011101100010010010001101000010001
9222,11000100111110110000001111111010100111110101000111101011100010000011101100000011110011101100010010010001101000101110
9229,11000100111110110000001111111010100111110101000111101011100010000011101100000011110011101100010010010001101000101111
9384,11000100111110110000001111111010100111110101000111101011100010000011101100000011110011101100010010010001101011010010
9420,11000100111110110000001111111010100111110101000111101011100010000011101100000011110011101100010010010001101011010011
9675,11000100111110110000001111111010100111110101000111101011100010000011101100000011110011101100010010011111001000011110
9683,11000100111110110000001111111010100111110101000111101011100010000011101100000011110011101100010010011111001000011111
9887,11000100111110110000001111111010100111110101000111101011100010000011101100000011110011101100010010011111001011101100
9924,11000100111110110000001111111010100111110101000111101011100010000011101100000011110011101100010010011111001011101101
31928,11000100111110110000001111111010100111110101000111101011100010000011101100000011110011101100010010011111001011101110
9260,110001001111101100000011111110101001111101010001111010111000100000111011000000111100111011000100100100011010000100010
9262,110001001111101100000011111110101001111101010001111010111000100000111011000000111100111011000100100100011010000100011
9230,110001001111101100000011111110101001111101010001111010111000100000111011000000111100111011000100100100011010001011110
9255,110001001111101100000011111110101001111101010001111010111000100000111011000000111100111011000100100100011010001011111
9369,110001001111101100000011111110101001111101010001111010111000100000111011000000111100111011000100100100011010110100100
9370,110001001111101100000011111110101001111101010001111010111000100000111011000000111100111011000100100100011010110100101
9430,110001001111101100000011111110101001111101010001111010111000100000111011000000111100111011000100100100011010110100110
9482,110001001111101100000011111110101001111101010001111010111000100000111011000000111100111011000100100100011010110100111
9925,110001001111101100000011111110101001111101010001111010111000100000111011000000111100111011000100100111110010111011010
9947,110001001111101100000011111110101001111101010001111010111000100000111011000000111100111011000100100111110010111011011
9915,110001001111101100000011111110101001111101010001111010111000100000111011000000111100111011000100100111110010111011100
9940,110001001111101100000011111110101001111101010001111010111000100000111011000000111100111011000100100111110010111011101
9235,1100010011111011000000111111101010011111010100011110101110001000001110110000001111001110110001001001000110100001000100
9236,1100010011111011000000111111101010011111010100011110101110001000001110110000001111001110110001001001000110100001000101
9256,1100010011111011000000111111101010011111010100011110101110001000001110110000001111001110110001001001000110100001000110
9308,1100010011111011000000111111101010011111010100011110101110001000001110110000001111001110110001001001000110100001000111
9257,1100010011111011000000111111101010011111010100011110101110001000001110110000001111001110110001001001000110100010111110
9259,1100010011111011000000111111101010011111010100011110101110001000001110110000001111001110110001001001000110100010111111
9363,1100010011111011000000111111101010011111010100011110101110001000001110110000001111001110110001001001000110101101001010
9371,1100010011111011000000111111101010011111010100011110101110001000001110110000001111001110110001001001000110101101001011
9472,1100010011111011000000111111101010011111010100011110101110001000001110110000001111001110110001001001000110101101001100
9516,1100010011111011000000111111101010011111010100011110101110001000001110110000001111001110110001001001000110101101001101
9900,1100010011111011000000111111101010011111010100011110101110001000001110110000001111001110110001001001111100101110110100
9901,1100010011111011000000111111101010011111010100011110101110001000001110110000001111001110110001001001111100101110110101
9951,1100010011111011000000111111101010011111010100011110101110001000001110110000001111001110110001001001111100101110110110
9961,1100010011111011000000111111101010011111010100011110101110001000001110110000001111001110110001001001111100101110110111
9950,1100010011111011000000111111101010011111010100011110101110001000001110110000001111001110110001001001111100101110111010
9969,1100010011111011000000111111101010011111010100011110101110001000001110110000001111001110110001001001111100101110111011
9191,11000100111110110000001111111010100111110101000111101011100010000011101100000011110011101100010010010001101000010001000
9192,11000100111110110000001111111010100111110101000111101011100010000011101100000011110011101100010010010001101000010001001
9242,11000100111110110000001111111010100111110101000111101011100010000011101100000011110011101100010010010001101000010001100
9250,11000100111110110000001111111010100111110101000111101011100010000011101100000011110011101100010010010001101000010001101
9312,11000100111110110000001111111010100111110101000111101011100010000011101100000011110011101100010010010001101000010001110
9325,11000100111110110000001111111010100111110101000111101011100010000011101100000011110011101100010010010001101000010001111
9258,11000100111110110000001111111010100111110101000111101011100010000011101100000011110011101100010010010001101000101111100
9275,11000100111110110000001111111010100111110101000111101011100010000011101100000011110011101100010010010001101000101111101
9364,11000100111110110000001111111010100111110101000111101011100010000011101100000011110011101100010010010001101011010010110
9377,11000100111110110000001111111010100111110101000111101011100010000011101100000011110011101100010010010001101011010010111
9473,11000100111110110000001111111010100111110101000111101011100010000011101100000011110011101100010010010001101011010011000
9509,11000100111110110000001111111010100111110101000111101011100010000011101100000011110011101100010010010001101011010011001
9530,11000100111110110000001111111010100111110101000111101011100010000011101100000011110011101100010010010001101011010011010
9542,11000100111110110000001111111010100111110101000111101011100010000011101100000011110011101100010010010001101011010011011
9968,11000100111110110000001111111010100111110101000111101011100010000011101100000011110011101100010010011111001011101101110
9973,11000100111110110000001111111010100111110101000111101011100010000011101100000011110011101100010010011111001011101101111
9217,110001001111101100000011111110101001111101010001111010111000100000111011000000111100111011000100100100011010000100011000
9218,110001001111101100000011111110101001111101010001111010111000100000111011000000111100111011000100100100011010000100011001
9284,110001001111101100000011111110101001111101010001111010111000100000111011000000111100111011000100100100011010001011111010
9295,110001001111101100000011111110101001111101010001111010111000100000111011000000111100111011000100100100011010001011111011
9510,110001001111101100000011111110101001111101010001111010111000100000111011000000111100111011000100100100011010110100110010
9536,110001001111101100000011111110101001111101010001111010111000100000111011000000111100111011000100100100011010110100110011
9574,110001001111101100000011111110101001111101010001111010111000100000111011000000111100111011000100100100011010110100110110
9602,110001001111101100000011111110101001111101010001111010111000100000111011000000111100111011000100100100011010110100110111
9981,110001001111101100000011111110101001111101010001111010111000100000111011000000111100111011000100100111110010111011011110
9983,110001001111101100000011111110101001111101010001111010111000100000111011000000111100111011000100100111110010111011011111
9200,1100010011111011000000111111101010011111010100011110101110001000001110110000001111001110110001001001000110100001000110000
9201,1100010011111011000000111111101010011111010100011110101110001000001110110000001111001110110001001001000110100001000110001
9264,1100010011111011000000111111101010011111010100011110101110001000001110110000001111001110110001001001000110100010111110100
9265,1100010011111011000000111111101010011111010100011110101110001000001110110000001111001110110001001001000110100010111110101
9488,1100010011111011000000111111101010011111010100011110101110001000001110110000001111001110110001001001000110101101001100100
9489,1100010011111011000000111111101010011111010100011110101110001000001110110000001111001110110001001001000110101101001100101
9987,1100010011111011000000111111101010011111010100011110101110001000001110110000001111001110110001001001111100101110110111100
10002,1100010011111011000000111111101010011111010100011110101110001000001110110000001111001110110001001001111100101110110111101
9199,11000100111110110000001111111010100111110101000111101011100010000011101100000011110011101100010010010001101000010001100000
9216,11000100111110110000001111111010100111110101000111101011100010000011101100000011110011101100010010010001101000010001100001
9268,11000100111110110000001111111010100111110101000111101011100010000011101100000011110011101100010010010001101000101111101010
9321,11000100111110110000001111111010100111110101000111101011100010000011101100000011110011101100010010010001101000101111101011
9485,11000100111110110000001111111010100111110101000111101011100010000011101100000011110011101100010010010001101011010011001010
9512,11000100111110110000001111111010100111110101000111101011100010000011101100000011110011101100010010010001101011010011001011
9995,11000100111110110000001111111010100111110101000111101011100010000011101100000011110011101100010010011111001011101101111000
10013,11000100111110110000001111111010100111110101000111101011100010000011101100000011110011101100010010011111001011101101111001
9254,110001001111101100000011111110101001111101010001111010111000100000111011000000111100111011000100100100011010001011111010100
9304,110001001111101100000011111110101001111101010001111010111000100000111011000000111100111011000100100100011010001011111010101
9989,110001001111101100000011111110101001111101010001111010111000100000111011000000111100111011000100100111110010111011011110000
10011,110001001111101100000011111110101001111101010001111010111000100000111011000000111100111011000100100111110010111011011110001
9246,1100010011111011000000111111101010011111010100011110101110001000001110110000001111001110110001001001000110100010111110101000
9247,1100010011111011000000111111101010011111010100011110101110001000001110110000001111001110110001001001000110100010111110101001
9953,1100010011111011000000111111101010011111010100011110101110001000001110110000001111001110110001001001111100101110110111100000
9954,1100010011111011000000111111101010011111010100011110101110001000001110110000001111001110110001001001111100101110110111100001
10012,1100010011111011000000111111101010011111010100011110101110001000001110110000001111001110110001001001111100101110110111100010
10023,1100010011111011000000111111101010011111010100011110101110001000001110110000001111001110110001001001111100101110110111100011
9248,11000100111110110000001111111010100111110101000111101011100010000011101100000011110011101100010010010001101000101111101010010
9269,11000100111110110000001111111010100111110101000111101011100010000011101100000011110011101100010010010001101000101111101010011
9926,11000100111110110000001111111010100111110101000111101011100010000011101100000011110011101100010010011111001011101101111000010
9927,11000100111110110000001111111010100111110101000111101011100010000011101100000011110011101100010010011111001011101101111000011
10024,11000100111110110000001111111010100111110101000111101011100010000011101100000011110011101100010010011111001011101101111000110
10033,11000100111110110000001111111010100111110101000111101011100010000011101100000011110011101100010010011111001011101101111000111
9923,110001001111101100000011111110101001111101010001111010111000100000111011000000111100111011000100100111110010111011011110000110
9930,110001001111101100000011111110101001111101010001111010111000100000111011000000111100111011000100100111110010111011011110000111
9990,110001001111101100000011111110101001111101010001111010111000100000111011000000111100111011000100100111110010111011011110001100
9991,110001001111101100000011111110101001111101010001111010111000100000111011000000111100111011000100100111110010111011011110001101
9944,1100010011111011000000111111101010011111010100011110101110001000001110110000001111001110110001001001111100101110110111100011000
9945,1100010011111011000000111111101010011111010100011110101110001000001110110000001111001110110001001001111100101110110111100011001
