"rid", "binaryID"
8705,1
8704,10
8716,11
8717,110
8727,111
8728,1110
8739,1111
8720,11100
8721,11101
8740,11110
8769,11111
8698,111000
8699,111001
8775,111110
8780,111111
8774,1111100
8782,1111101
8781,1111110
8783,1111111
8763,11111000
8779,11111001
8784,11111010
8790,11111011
8796,11111110
8800,11111111
8798,111110110
8836,111110111
8820,111111100
8839,111111101
8764,111111110
8765,111111111
8824,1111111000
8833,1111111001
8749,1111111110
8750,1111111111
8825,11111110000
8831,11111110001
8724,11111111100
8725,11111111101
8746,11111111110
8760,11111111111
8823,111111100000
8827,111111100001
8809,1111111000000
8812,1111111000001
8830,1111111000010
8845,1111111000011
8801,11111110000010
8813,11111110000011
8849,11111110000110
8879,11111110000111
8793,111111100000100
8794,111111100000101
8850,111111100001100
8903,111111100001101
8897,111111100001110
8913,111111100001111
8789,1111111000001010
8797,1111111000001011
8851,1111111000011000
8865,1111111000011001
8803,11111110000010110
8821,11111110000010111
8866,11111110000110010
8884,11111110000110011
8895,111111100001100110
8918,111111100001100111
8889,1111111000011001100
8890,1111111000011001101
8920,1111111000011001110
8923,1111111000011001111
8872,11111110000110011010
8873,11111110000110011011
8924,11111110000110011100
8927,11111110000110011101
8837,111111100001100110100
8838,111111100001100110101
8862,111111100001100110110
8863,111111100001100110111
8948,111111100001100111000
8953,111111100001100111001
8905,111111100001100111010
8943,111111100001100111011
8949,1111111000011001110000
8972,1111111000011001110001
8888,1111111000011001110100
8911,1111111000011001110101
8945,1111111000011001110110
8956,1111111000011001110111
8984,11111110000110011100010
8987,11111110000110011100011
8886,11111110000110011101000
8893,11111110000110011101001
8981,11111110000110011101110
8985,11111110000110011101111
8988,111111100001100111000100
8995,111111100001100111000101
8874,111111100001100111010000
8875,111111100001100111010001
8894,111111100001100111010010
8896,111111100001100111010011
8993,111111100001100111011100
9004,111111100001100111011101
8994,111111100001100111011110
9011,111111100001100111011111
8996,1111111000011001110001010
9006,1111111000011001110001011
8868,1111111000011001110100010
8869,1111111000011001110100011
8906,1111111000011001110100110
8921,1111111000011001110100111
9013,1111111000011001110111000
9025,1111111000011001110111001
9012,1111111000011001110111110
9018,1111111000011001110111111
9000,11111110000110011100010100
9008,11111110000110011100010101
9007,11111110000110011100010110
9009,11111110000110011100010111
8834,11111110000110011101000110
8835,11111110000110011101000111
8907,11111110000110011101001100
8912,11111110000110011101001101
8935,11111110000110011101001110
8951,11111110000110011101001111
9042,11111110000110011101110010
9046,11111110000110011101110011
9024,11111110000110011101111110
9028,11111110000110011101111111
9032,111111100001100111000101100
9065,111111100001100111000101101
8806,111111100001100111010001100
8807,111111100001100111010001101
8899,111111100001100111010011000
8900,111111100001100111010011001
8957,111111100001100111010011110
8960,111111100001100111010011111
9043,111111100001100111011100100
9052,111111100001100111011100101
9045,111111100001100111011111100
9066,111111100001100111011111101
9033,1111111000011001110001011000
9074,1111111000011001110001011001
8901,1111111000011001110100110010
8929,1111111000011001110100110011
8958,1111111000011001110100111100
8969,1111111000011001110100111101
9053,1111111000011001110111001010
9063,1111111000011001110111001011
9078,1111111000011001110111111010
9106,1111111000011001110111111011
8881,11111110000110011101001100100
8882,11111110000110011101001100101
8936,11111110000110011101001100110
8942,11111110000110011101001100111
8973,11111110000110011101001111000
8975,11111110000110011101001111001
9064,11111110000110011101110010110
9067,11111110000110011101110010111
9079,11111110000110011101111110100
9107,11111110000110011101111110101
8870,111111100001100111010011001010
8871,111111100001100111010011001011
8937,111111100001100111010011001100
8946,111111100001100111010011001101
8977,111111100001100111010011110010
8997,111111100001100111010011110011
9055,111111100001100111011100101100
9056,111111100001100111011100101101
9073,111111100001100111011100101110
9085,111111100001100111011100101111
9080,111111100001100111011111101000
9093,111111100001100111011111101001
8828,1111111000011001110100110010100
8829,1111111000011001110100110010101
8867,1111111000011001110100110010110
8919,1111111000011001110100110010111
8974,1111111000011001110100110011010
9016,1111111000011001110100110011011
8982,1111111000011001110100111100100
8989,1111111000011001110100111100101
9086,1111111000011001110111001011110
9121,1111111000011001110111001011111
9108,1111111000011001110111111010010
9117,1111111000011001110111111010011
8853,11111110000110011101001100101100
8855,11111110000110011101001100101101
9131,11111110000110011101110010111110
9134,11111110000110011101110010111111
9109,11111110000110011101111110100100
9127,11111110000110011101111110100101
8815,111111100001100111010011001011000
8816,111111100001100111010011001011001
8860,111111100001100111010011001011010
8883,111111100001100111010011001011011
9132,111111100001100111011100101111100
9141,111111100001100111011100101111101
9138,111111100001100111011100101111110
9139,111111100001100111011100101111111
9094,111111100001100111011111101001000
9095,111111100001100111011111101001001
9128,111111100001100111011111101001010
9136,111111100001100111011111101001011
8856,1111111000011001110100110010110100
8878,1111111000011001110100110010110101
9133,1111111000011001110111001011111000
9144,1111111000011001110111001011111001
9148,1111111000011001110111001011111110
9150,1111111000011001110111001011111111
9122,1111111000011001110111111010010100
9123,1111111000011001110111111010010101
8847,11111110000110011101001100101101000
8931,11111110000110011101001100101101001
9124,11111110000110011101110010111110000
9125,11111110000110011101110010111110001
8841,111111100001100111010011001011010000
8842,111111100001100111010011001011010001
8932,111111100001100111010011001011010010
8939,111111100001100111010011001011010011
8844,1111111000011001110100110010110100010
8885,1111111000011001110100110010110100011
8947,1111111000011001110100110010110100110
8962,1111111000011001110100110010110100111
8848,11111110000110011101001100101101000100
8914,11111110000110011101001100101101000101
8846,111111100001100111010011001011010001000
8902,111111100001100111010011001011010001001
8944,111111100001100111010011001011010001010
8971,111111100001100111010011001011010001011
8852,1111111000011001110100110010110100010000
8861,1111111000011001110100110010110100010001
8979,1111111000011001110100110010110100010110
8992,1111111000011001110100110010110100010111
8880,11111110000110011101001100101101000100000
8887,11111110000110011101001100101101000100001
8892,111111100001100111010011001011010001000000
8898,111111100001100111010011001011010001000001
8910,111111100001100111010011001011010001000010
8916,111111100001100111010011001011010001000011
8904,1111111000011001110100110010110100010000010
8915,1111111000011001110100110010110100010000011
8917,1111111000011001110100110010110100010000100
8952,1111111000011001110100110010110100010000101
8922,1111111000011001110100110010110100010000110
8928,1111111000011001110100110010110100010000111
8950,11111110000110011101001100101101000100001110
8998,11111110000110011101001100101101000100001111
8955,111111100001100111010011001011010001000011100
8966,111111100001100111010011001011010001000011101
9003,111111100001100111010011001011010001000011110
9026,111111100001100111010011001011010001000011111
8954,1111111000011001110100110010110100010000111000
9001,1111111000011001110100110010110100010000111001
9002,1111111000011001110100110010110100010000111100
9069,1111111000011001110100110010110100010000111101
9068,11111110000110011101001100101101000100001111010
9089,11111110000110011101001100101101000100001111011
9047,111111100001100111010011001011010001000011110100
9051,111111100001100111010011001011010001000011110101
9039,1111111000011001110100110010110100010000111101010
9050,1111111000011001110100110010110100010000111101011
9037,11111110000110011101001100101101000100001111010100
9038,11111110000110011101001100101101000100001111010101
