"rid", "binaryID"
28869,1
28878,10
28899,11
28850,100
28858,101
23207,110
23220,111
25787,1000
25791,1001
23212,1100
23227,1101
23204,11000
28952,11001
23231,11010
28928,11011
23201,110000
23202,110001
23203,1100010
28974,1100011
28900,11000100
28904,11000101
23218,110001010
28910,110001011
28905,1100010110
28916,1100010111
28902,11000101100
28903,11000101101
23210,110001011010
28898,110001011011
23211,1100010110100
28971,1100010110101
23206,11000101101000
23208,11000101101001
28982,11000101101010
28998,11000101101011
28886,110001011010000
28887,110001011010001
23205,110001011010010
23221,110001011010011
28859,1100010110100000
28860,1100010110100001
28876,1100010110100100
28877,1100010110100101
23225,1100010110100110
28921,1100010110100111
28844,11000101101000010
28845,11000101101000011
28873,11000101101001010
28880,11000101101001011
23226,11000101101001100
28954,11000101101001101
28854,110001011010010100
28855,110001011010010101
23198,110001011010011000
23199,110001011010011001
28965,110001011010011010
28991,110001011010011011
28848,1100010110100101000
28849,1100010110100101001
28852,1100010110100101010
28863,1100010110100101011
28955,1100010110100110100
28958,1100010110100110101
28840,11000101101001010000
28841,11000101101001010001
28959,11000101101001101010
28997,11000101101001101011
28827,110001011010010100010
28828,110001011010010100011
29005,110001011010011010110
29031,110001011010011010111
25779,1100010110100101000100
25780,1100010110100101000101
25781,1100010110100101000110
25782,1100010110100101000111
28977,1100010110100110101100
29037,1100010110100110101101
28673,1100010110100110101110
28675,1100010110100110101111
28931,11000101101001101011000
28932,11000101101001101011001
28676,11000101101001101011100
29067,11000101101001101011101
29076,11000101101001101011110
29084,11000101101001101011111
28929,110001011010011010110010
28930,110001011010011010110011
28677,110001011010011010111000
29095,110001011010011010111001
29098,110001011010011010111010
29118,110001011010011010111011
29083,110001011010011010111110
29125,110001011010011010111111
28915,1100010110100110101100110
28933,1100010110100110101100111
29096,1100010110100110101110010
29110,1100010110100110101110011
29078,1100010110100110101111100
29079,1100010110100110101111101
18828,1100010110100110101111110
29127,1100010110100110101111111
23216,11000101101001101011001100
23217,11000101101001101011001101
28935,11000101101001101011001110
28944,11000101101001101011001111
29072,11000101101001101011111000
29082,11000101101001101011111001
18829,11000101101001101011111100
18831,11000101101001101011111101
23213,110001011010011010110011000
23215,110001011010011010110011001
23193,110001011010011010110011010
23194,110001011010011010110011011
28936,110001011010011010110011100
28960,110001011010011010110011101
29070,110001011010011010111110000
29071,110001011010011010111110001
29169,110001011010011010111111000
29170,110001011010011010111111001
18834,110001011010011010111111010
29193,110001011010011010111111011
28883,1100010110100110101100110100
28884,1100010110100110101100110101
28892,1100010110100110101100110110
28894,1100010110100110101100110111
28961,1100010110100110101100111010
28966,1100010110100110101100111011
29066,1100010110100110101111100000
29068,1100010110100110101111100001
18824,1100010110100110101111110100
18846,1100010110100110101111110101
29194,1100010110100110101111110110
29208,1100010110100110101111110111
28871,11000101101001101011001101010
28872,11000101101001101011001101011
28881,11000101101001101011001101100
28882,11000101101001101011001101101
23230,11000101101001101011001101110
28893,11000101101001101011001101111
28968,11000101101001101011001110110
28992,11000101101001101011001110111
28671,11000101101001101011111000010
28682,11000101101001101011111000011
18845,11000101101001101011111101010
18861,11000101101001101011111101011
25906,11000101101001101011111101110
25918,11000101101001101011111101111
28836,110001011010011010110011010100
28837,110001011010011010110011010101
28834,110001011010011010110011010110
28835,110001011010011010110011010111
28888,110001011010011010110011011110
28901,110001011010011010110011011111
28993,110001011010011010110011101110
29007,110001011010011010110011101111
28681,110001011010011010111110000110
29090,110001011010011010111110000111
18860,110001011010011010111111010110
25919,110001011010011010111111010111
25908,110001011010011010111111011100
29258,110001011010011010111111011101
25916,110001011010011010111111011110
25924,110001011010011010111111011111
25783,1100010110100110101100110101110
25784,1100010110100110101100110101111
28885,1100010110100110101100110111100
28889,1100010110100110101100110111101
23224,1100010110100110101100110111110
28911,1100010110100110101100110111111
29017,1100010110100110101100111011110
29022,1100010110100110101100111011111
29089,1100010110100110101111100001110
29130,1100010110100110101111100001111
18855,1100010110100110101111110101100
29218,1100010110100110101111110101101
25907,1100010110100110101111110111000
25921,1100010110100110101111110111001
25925,1100010110100110101111110111110
29226,1100010110100110101111110111111
25772,11000101101001101011001101011100
25775,11000101101001101011001101011101
28874,11000101101001101011001101111000
28875,11000101101001101011001101111001
23235,11000101101001101011001101111100
28918,11000101101001101011001101111101
29018,11000101101001101011001110111100
29036,11000101101001101011001110111101
25920,11000101101001101011111101110010
29242,11000101101001101011111101110011
29236,11000101101001101011111101111110
29239,11000101101001101011111101111111
25770,110001011010011010110011010111000
25771,110001011010011010110011010111001
28864,110001011010011010110011011110010
28897,110001011010011010110011011110011
29000,110001011010011010110011101111000
29006,110001011010011010110011101111001
28683,110001011010011010110011101111010
29073,110001011010011010110011101111011
29251,110001011010011010111111011100110
29282,110001011010011010111111011100111
29248,110001011010011010111111011111110
29259,110001011010011010111111011111111
25767,1100010110100110101100110101110010
25768,1100010110100110101100110101110011
28861,1100010110100110101100110111100100
28862,1100010110100110101100110111100101
29059,1100010110100110101100111011110100
29077,1100010110100110101100111011110101
29243,1100010110100110101111110111111100
29276,1100010110100110101111110111111101
28815,11000101101001101011001101011100100
28816,11000101101001101011001101011100101
28825,11000101101001101011001101011100110
28826,11000101101001101011001101011100111
28842,11000101101001101011001101111001000
28843,11000101101001101011001101111001001
28853,11000101101001101011001101111001010
28865,11000101101001101011001101111001011
29060,11000101101001101011001110111101000
29104,11000101101001101011001110111101001
29229,11000101101001101011111101111111000
29244,11000101101001101011111101111111001
28692,11000101101001101011111101111111010
28694,11000101101001101011111101111111011
28819,110001011010011010110011010111001110
28824,110001011010011010110011010111001111
28830,110001011010011010110011011110010000
28831,110001011010011010110011011110010001
28832,110001011010011010110011011110010100
28833,110001011010011010110011011110010101
28866,110001011010011010110011011110010110
28895,110001011010011010110011011110010111
25917,110001011010011010111111011111110000
29230,110001011010011010111111011111110001
28817,1100010110100110101100110101110011100
28818,1100010110100110101100110101110011101
28829,1100010110100110101100110111100101010
28838,1100010110100110101100110111100101011
28896,1100010110100110101100110111100101110
28906,1100010110100110101100110111100101111
18864,1100010110100110101111110111111100000
18865,1100010110100110101111110111111100001
29227,1100010110100110101111110111111100010
29228,1100010110100110101111110111111100011
26655,11000101101001101011001101011100111000
26656,11000101101001101011001101011100111001
28810,11000101101001101011001101011100111010
28811,11000101101001101011001101011100111011
25790,11000101101001101011001101111001010100
28839,11000101101001101011001101111001010101
23209,11000101101001101011001101111001011110
28907,11000101101001101011001101111001011111
18856,11000101101001101011111101111111000000
18857,11000101101001101011111101111111000001
25926,11000101101001101011111101111111000100
29224,11000101101001101011111101111111000101
28792,110001011010011010110011010111001110010
28793,110001011010011010110011010111001110011
28809,110001011010011010110011010111001110110
28812,110001011010011010110011010111001110111
25788,110001011010011010110011011110010101000
25789,110001011010011010110011011110010101001
23214,110001011010011010110011011110010111100
28934,110001011010011010110011011110010111101
18821,110001011010011010111111011111110000010
18822,110001011010011010111111011111110000011
25927,110001011010011010111111011111110001000
29235,110001011010011010111111011111110001001
28783,1100010110100110101100110101110011100110
28784,1100010110100110101100110101110011100111
28803,1100010110100110101100110101110011101100
28806,1100010110100110101100110101110011101101
25776,1100010110100110101100110111100101010010
25777,1100010110100110101100110111100101010011
28942,1100010110100110101100110111100101111010
28949,1100010110100110101100110111100101111011
25929,1100010110100110101111110111111100010000
29237,1100010110100110101111110111111100010001
28777,11000101101001101011001101011100111001110
28778,11000101101001101011001101011100111001111
28801,11000101101001101011001101011100111011000
28802,11000101101001101011001101011100111011001
28822,11000101101001101011001101111001010100100
28823,11000101101001101011001101111001010100101
25778,11000101101001101011001101111001010100110
28847,11000101101001101011001101111001010100111
28943,11000101101001101011001101111001011110100
28967,11000101101001101011001101111001011110101
28948,11000101101001101011001101111001011110110
28953,11000101101001101011001101111001011110111
25928,11000101101001101011111101111111000100000
28708,11000101101001101011111101111111000100001
28795,110001011010011010110011010111001110110000
28796,110001011010011010110011010111001110110001
28813,110001011010011010110011011110010101001000
28814,110001011010011010110011011110010101001001
25773,110001011010011010110011011110010101001100
25774,110001011010011010110011011110010101001101
28846,110001011010011010110011011110010101001110
28851,110001011010011010110011011110010101001111
23195,110001011010011010110011011110010111101000
23200,110001011010011010110011011110010111101001
28962,110001011010011010110011011110010111101010
28969,110001011010011010110011011110010111101011
28945,110001011010011010110011011110010111101100
28947,110001011010011010110011011110010111101101
28985,110001011010011010110011011110010111101110
29016,110001011010011010110011011110010111101111
28707,110001011010011010111111011111110001000010
29309,110001011010011010111111011111110001000011
26651,1100010110100110101100110101110011101100010
26654,1100010110100110101100110101110011101100011
28807,1100010110100110101100110111100101010010010
28808,1100010110100110101100110111100101010010011
25766,1100010110100110101100110111100101010011010
25769,1100010110100110101100110111100101010011011
28890,1100010110100110101100110111100101111010000
28891,1100010110100110101100110111100101111010001
28972,1100010110100110101100110111100101111010110
29023,1100010110100110101100110111100101111010111
28780,11000101101001101011001101011100111011000100
28781,11000101101001101011001101011100111011000101
28804,11000101101001101011001101111001010100100110
28805,11000101101001101011001101111001010100100111
28820,11000101101001101011001101111001010100110100
28821,11000101101001101011001101111001010100110101
28970,11000101101001101011001101111001011110101100
28994,11000101101001101011001101111001011110101101
28772,110001011010011010110011010111001110110001010
28776,110001011010011010110011010111001110110001011
28799,110001011010011010110011011110010101001001100
28800,110001011010011010110011011110010101001001101
28926,110001011010011010110011011110010111101011000
28927,110001011010011010110011011110010111101011001
28996,110001011010011010110011011110010111101011010
29014,110001011010011010110011011110010111101011011
28768,1100010110100110101100110101110011101100010100
28769,1100010110100110101100110101110011101100010101
28775,1100010110100110101100110101110011101100010110
28779,1100010110100110101100110101110011101100010111
28797,1100010110100110101100110111100101010010011000
28798,1100010110100110101100110111100101010010011001
28986,1100010110100110101100110111100101111010110100
28987,1100010110100110101100110111100101111010110101
28765,11000101101001101011001101011100111011000101000
28766,11000101101001101011001101011100111011000101001
26652,11000101101001101011001101111001010100100110010
26653,11000101101001101011001101111001010100100110011
23232,11000101101001101011001101111001011110101101000
23233,11000101101001101011001101111001011110101101001
28760,110001011010011010110011010111001110110001010010
28761,110001011010011010110011010111001110110001010011
26648,110001011010011010110011011110010101001001100110
28794,110001011010011010110011011110010101001001100111
28870,110001011010011010110011011110010111101011010010
28879,110001011010011010110011011110010111101011010011
28754,1100010110100110101100110101110011101100010100100
28755,1100010110100110101100110101110011101100010100101
26649,1100010110100110101100110111100101010010011001100
26650,1100010110100110101100110111100101010010011001101
28790,1100010110100110101100110111100101010010011001110
28791,1100010110100110101100110111100101010010011001111
28867,1100010110100110101100110111100101111010110100100
28868,1100010110100110101100110111100101111010110100101
28786,11000101101001101011001101111001010100100110011100
28788,11000101101001101011001101111001010100100110011101
28782,11000101101001101011001101111001010100100110011110
28785,11000101101001101011001101111001010100100110011111
28856,11000101101001101011001101111001011110101101001010
28857,11000101101001101011001101111001011110101101001011
28787,110001011010011010110011011110010101001001100111010
28789,110001011010011010110011011110010101001001100111011
28773,110001011010011010110011011110010101001001100111100
28774,110001011010011010110011011110010101001001100111101
25785,110001011010011010110011011110010111101011010010110
25786,110001011010011010110011011110010111101011010010111
28770,1100010110100110101100110111100101010010011001111010
28771,1100010110100110101100110111100101010010011001111011
28764,11000101101001101011001101111001010100100110011110110
28767,11000101101001101011001101111001010100100110011110111
28762,110001011010011010110011011110010101001001100111101100
28763,110001011010011010110011011110010101001001100111101101
28756,1100010110100110101100110111100101010010011001111011000
28757,1100010110100110101100110111100101010010011001111011001
28758,1100010110100110101100110111100101010010011001111011010
28759,1100010110100110101100110111100101010010011001111011011
